# 20191020-095735-t,V1,V2,V3,I
0.0,0.5665970737118532,1.874316183301232,0.07308140571659061,1.6371166611472017
0.07479977607727051,0.7727697294904424,0.8586498612519922,0.27538017786321967,2.602864379589134
0.14760446548461914,0.3499922977740002,0.9015749317623953,2.57997905041626,0.5161425133996875
0.22838926315307617,0.4014498729506425,0.9788114213799328,0.43700356600190393,2.9893110578907343
0.30518317222595215,0.9555926040872543,0.6880855388906957,2.0774237007212357,0.9807057678019335
0.3789856433868408,0.4984082632589345,0.26817128622248965,1.9109285605427409,3.693497341032669
0.46575450897216797,0.9079630886924551,1.9644027573251013,0.5495264409804935,2.872733397117852
0.52858567237854,0.8383963711037896,1.6231100598316517,2.5265664592219177,1.8773215509296146
0.5993969440460205,0.24304219477493139,1.234721878736059,0.05637967880074812,0.014123823728547258
0.6961374282836914,0.20811640330303205,1.200504677678184,0.917376431728324,2.1113087748002584
0.7699425220489502,0.23787023041611854,1.6479110621151323,2.6037698061065386,2.6454936352549714
0.8377580642700195,0.2829408151603636,1.854796149753616,1.9955998353255455,1.0363218580602434
0.9046096801757812,0.5819346268401674,1.9157826808958747,0.6456072326026163,0.530351499780386
0.9734303951263428,0.05603204593855049,1.8540955435792463,2.4983861840055646,0.7039502759500875
1.045238733291626,0.10418183745684828,0.6165884701106461,2.290551588178087,0.6016455467541229
1.1240167617797852,0.36158310504414715,0.7838211219225564,1.509050196077427,0.30262490020341337
1.1968326568603516,0.1456595987437883,1.5242176934298544,2.1973596499943433,3.233928915402692
1.268641471862793,0.7145539114316638,1.7877821963960594,0.15860402522314632,0.3066791112582865
1.336449384689331,0.40856415425495785,0.8383174391112598,2.218296645665533,1.950455111117373
1.4072644710540771,0.9092504733221117,0.09573604575964301,0.6683344679474639,2.3249279490613155
1.4770803451538086,0.6316969074774083,0.3797682913516176,0.6024526128578297,0.7777701435546223
1.5478932857513428,0.021951938954489214,1.8881756638765221,1.2357943476625013,0.7436530911138131
1.615678310394287,0.8889340562296477,1.0182404065009554,1.847350994810588,0.873309056044596
1.6845252513885498,0.16741091585306256,0.3842693809736659,2.1310024629930355,1.9954103911335253
1.7553033828735352,0.6218144940965151,1.825289617898872,2.1863121078984706,2.9935908161208413
1.836087703704834,0.4108751332991005,0.7931948913095357,1.853396797379308,1.8714365024381778
1.9019420146942139,0.3132686835371883,1.9413639251675379,2.363629211409223,2.857897235073998
1.963778018951416,0.025773030295276445,1.7958549299760898,1.2047571340252543,2.4017542371788245
2.027613639831543,0.8885971193912006,0.5513590930346384,0.44714465198999587,2.800068092990033
2.0924203395843506,0.03494233389315615,1.796821017396206,1.2845497173689242,1.5706874269448372
2.158257484436035,0.14765623869373812,0.8881673255275797,2.8750006731946183,2.576908556932769
2.2220935821533203,0.7002430484135564,0.23778958045504828,0.22327797739255073,1.4208679115212695
2.283891439437866,0.05742475596389296,0.8179862560642768,1.450308387627077,1.702168090345904
2.345759391784668,0.7610168879202851,0.8693216454052968,1.560091914896251,2.591390872582098
2.4135425090789795,0.5506628159946702,1.9024409797622879,1.3688116419145495,1.9101349599330826
2.478403091430664,0.9127404410574683,1.5710084324255458,0.6113369543104267,2.045161522309666
2.546220064163208,0.36137511897233265,1.395781616844699,0.9110010983804115,1.0791741335277898
2.6090545654296875,0.5824767540126519,0.26188239495891086,0.7215553117080739,2.0712770047556592
2.6738781929016113,0.28792180964521197,0.0874592726700858,0.030542337412545084,1.8959975383515606
2.737675905227661,0.1576658387293074,1.8489902741095345,0.1649520466967529,1.2005498655041738
2.802534580230713,0.2417870732715791,1.7778412471201384,2.7937963882993184,3.735785931862196
2.86836314201355,0.2565744414992539,1.4566949127249014,1.6424983720829232,1.4941705319556524
2.9361789226531982,0.23095472052500632,1.690796028448032,2.230232058377437,3.5697463120288684
3.003995418548584,0.44396014574310505,1.8547647069270747,1.0640572710217364,0.6714284581544931
3.0708086490631104,0.06342942344348568,1.183412862703006,0.9014373534230733,3.918482314420708
3.1396381855010986,0.8716782566925152,0.8387540324513785,1.9490943790822313,3.6925241373753313
3.2074532508850098,0.6676922042150994,1.3504129430729395,1.3518288773346978,0.9635517616090841
3.2752702236175537,0.5012671763597594,1.4894307152417592,2.052901260068375,3.9146854231463246
3.343090057373047,0.2702818065516266,1.444571214946884,2.6042633430316444,0.25293741069302733
3.412904739379883,0.10825788185228946,0.9115492647000412,0.2589823722513527,2.5346200566616846
3.4847123622894287,0.9997535973083144,1.6851068563459428,1.4901106725245112,3.8465406431186944
3.554523229598999,0.7197178687172838,1.7597176845789002,2.2469972012504944,0.5285047084636787
3.625330924987793,0.46586044252193604,1.1305293309502942,2.309631651016339,0.14345427116173148
3.697138786315918,0.5060671740436509,0.6963070700310492,1.010245659262357,3.5698095098591067
3.761967182159424,0.9067982597446826,1.7131934825710708,1.7452232116630013,2.238723131547393
3.8238024711608887,0.9673618696026179,0.8088348447027514,2.696027259243202,0.7472074678961023
3.8856420516967773,0.07442127883745264,1.3325402728390254,0.5712922558235253,1.6846914978630205
3.949434280395508,0.019966176589848228,1.997730855051067,1.1788106213764902,0.2044350828424455
4.021242141723633,0.20112305229633598,1.7547250964201926,0.5927520436707576,1.0772533493296725
4.0851051807403564,0.2777565330267333,1.6539907644421679,2.322767739257731,0.18086832972736477
4.148935317993164,0.5451609467254844,0.44999275302393427,2.4667169797582673,1.0014960651884945
4.213758945465088,0.7812408253563706,1.8373612970267155,0.21875844264716426,1.9578417417317069
4.276593446731567,0.42244960921682306,1.9398210445085409,0.3304011725261554,2.96265434223116
4.342416763305664,0.5190854433405713,0.8695025503271112,1.6023067758358995,0.6527363587172808
4.408238887786865,0.05525037910773056,1.0475534668998994,1.204214841335709,2.942169166536709
4.472037076950073,0.7125614280056054,0.44375990073764426,0.5712366974659258,2.376408311725384
4.537859916687012,0.5329204074546934,1.816157117177321,1.6869905465532078,3.4164374053694457
4.603718042373657,0.4162648250219272,1.6712358914687269,1.3472210203355857,2.0278516294327873
4.6675169467926025,0.11301984392470732,0.5915230782358576,2.3838088129785024,1.5940943589138223
4.7333619594573975,0.9338621011599121,1.8621004810800275,1.707784280101241,0.3681640396188972
4.8011558055877686,0.9274100755243037,0.4914291200344081,1.2675779300460754,3.526053682585001
4.869972229003906,0.4048104804189343,1.24241942464948,0.2755936909421308,1.3003202574419634
4.93781590461731,0.8325736514217832,0.5993317402637937,1.6096063196691328,1.981011246514961
5.005638599395752,0.24798802682514376,1.3588482602733156,1.7724592308831624,3.576268806934474
5.0724310874938965,0.20150591637463555,1.4275322768760326,0.6835286841956048,3.4628057141676
5.14024806022644,0.8881900165999601,1.6078609540714437,0.01114434347706339,1.4168320636021248
5.209096431732178,0.3954005540008477,0.5788023941277709,1.407422836364451,1.3812090251313491
5.27791166305542,0.9726447671863057,1.9342653549076696,2.577810351633369,3.374442501338557
5.34572172164917,0.6682352756959286,0.9002813888188759,2.410202609587677,1.8928506311974491
5.413549184799194,0.563945451206943,1.6307211220654108,1.2958191149800768,1.775332571982708
5.48033881187439,0.7574537446279821,1.2777232325221477,0.8736912419736189,1.3885595225560587
5.546194791793823,0.05771961683538984,0.31674028290685285,2.4270142360331635,3.7684348522738587
5.612015724182129,0.35792350189150457,1.6406837335095272,2.6620482351820636,2.906963319183395
5.677841901779175,0.7023432197932878,1.2163766216363052,2.0621365565578946,2.8241469270167454
5.742671966552734,0.680533318025811,1.370409416987353,2.2823584298959876,0.1585145453849388
5.809489727020264,0.7966126767864077,0.4440218672610954,0.9624168204478272,0.1418963933777353
5.877309322357178,0.9169418153778688,1.5758200256930903,2.225893700135272,1.1195473471018889
5.945127010345459,0.9430016625530971,0.6634359212592531,1.5644084562703908,0.5666542181630927
6.011948108673096,0.7045798647674919,1.0408824449055039,1.3728687686858256,2.0517747375932225
6.079768657684326,0.43521202835090234,0.010205079265133588,2.1737398056092814,1.9603945848205213
6.148550033569336,0.2152054164877658,0.286810631075352,2.6022904003952116,1.7549416554235608
6.2174012660980225,0.8850271632869914,1.5092062085890003,2.253649257231535,2.3623851323207394
6.28621506690979,0.8289473865413376,1.6380281844124502,0.2690869973803154,1.9582486189329678
6.355031490325928,0.928922285055578,1.2220673698733555,2.0420321784311475,0.5198969297082474
6.421851873397827,0.5531013866925474,1.4363008774482866,1.3216924955463285,3.1434025818232625
6.489668369293213,0.6867144363598373,1.7683962183370594,1.8145275888080694,2.212283169043524
6.5584893226623535,0.6765239151327945,1.9996950765711536,1.866682958451511,1.4240021288910785
6.62530517578125,0.7479390397040216,0.14148705038973364,2.79092360800124,1.0356368807901397
6.693126678466797,0.5092567906769582,1.3508682072728209,0.4581529963823594,0.5489269569240416
6.762939453125,0.41513262857477407,1.7344253618310301,0.7031362580522674,0.6954857382542237
6.83372688293457,0.8405121723817229,1.130015747123351,2.1449388138674617,1.905751776276098
6.906555652618408,0.0740409621864313,1.5652925036800278,2.0705759411610343,1.7669457012503775
6.976366758346558,0.570966744406553,1.6761741214605046,1.647896161024339,3.12238774022644
7.050192594528198,0.23637084655731677,1.9086468453815875,1.2296726407731198,2.4347343585933516
7.121978282928467,0.6548609481193122,1.0058442616329935,0.9680803941748336,0.7494654876982398
7.193786382675171,0.938594840485971,0.13866455514849907,0.24250937379427107,0.39456183208089834
7.262602090835571,0.024847030951985927,1.2933349005156727,1.528359840665308,1.4796029003251046
7.333381652832031,0.4340572790328484,1.1405633463954465,2.848754176244879,0.8753458195686452
7.396246910095215,0.9273408570055499,1.9775776078049325,2.141045165204546,3.933561078294277
7.457082271575928,0.827760559397779,1.5583287698645147,2.4440228666059967,1.2484673911606556
7.516922235488892,0.3739894324202443,1.8430570589941941,2.709855587423633,1.1653980801450103
7.57875657081604,0.6132841096918822,0.22708668676998234,0.7396129228676301,0.4662982602934669
7.641591787338257,0.8717337239997871,0.5458392851856566,2.4674128756681597,1.3159721893494751
7.704422473907471,0.02651269165323289,0.7797512353581693,0.11565912061153927,3.719234275012109
7.768253326416016,0.13916320575534658,1.1753408901686015,2.97530607552086,2.5881924751417547
7.833110094070435,0.7452830100106733,0.8335923407946684,1.2001347872502401,1.3430058534123748
7.897902727127075,0.44023474383703876,0.06308942586416921,0.2008642716634299,1.6676306615714003
7.961731672286987,0.045438594973462365,0.1880030604456766,1.224607595534371,0.39081343381126166
8.025561332702637,0.32927853684822206,0.37035556230242506,2.5137558313284805,2.79643195179067
8.089392900466919,0.009181090188157492,1.45180727867726,1.9594368025192461,0.31094001098069146
8.153219223022461,0.7679151912838169,1.93013814605477,1.1195117877781704,3.111063349728967
8.218048334121704,0.7579454024454669,0.37526482313314435,1.6128070306829243,3.9950875154740926
8.283871412277222,0.7203269030766879,1.078744891274052,1.2912325110872684,2.5348088306174286
8.350661039352417,0.47486814313121506,0.36172249414560853,0.473475428798127,2.716139507507592
8.416484594345093,0.19977854444171717,0.7299166439310196,2.52829966486208,0.4060052919087571
8.481310606002808,0.13861061842166233,0.2316555351708811,0.5058540274278358,3.6258604350720214
8.547165870666504,0.07382645268653654,0.7219477431728152,2.9250071373157582,0.6375108024102274
8.613986730575562,0.8998683996989566,0.698277616836241,2.929716859572067,0.49952687162597087
8.679778575897217,0.042983646182805035,1.6144745806858314,1.0033729239099387,2.941871993243992
8.744645595550537,0.44967545450701707,0.9379688055208368,2.2186490634017124,3.2439382076968744
8.807470083236694,0.633130640441015,1.9249854061681322,0.5090327910791456,0.47806458971863997
8.870305061340332,0.7452023589109101,1.0012073486396675,2.4968007166063755,2.9125556051170447
8.935127973556519,0.5389100181142107,1.913218959803432,1.1390373633819766,2.5675024099179073
8.999931335449219,0.15042193952815408,0.058694420019738125,0.5283645885297696,1.059687522956403
9.06279182434082,0.3426576860636492,1.490440920684197,1.2758662559847513,3.7793564932547943
9.131569862365723,0.19424594744408685,1.7270561547068406,0.14825613018982242,1.4994669875647944
9.19839358329773,0.17683511065932112,1.3723935483476277,1.466978204717587,3.0358762069679446
9.263252258300781,0.7901676512812316,1.3272116431656853,2.03567717066727,0.48363434246741166
9.328045129776001,0.875055677711046,0.6228636994718666,2.7813180759818135,1.6924340569104408
9.401877880096436,0.31862235009589834,0.5875017370406326,2.5118877454061446,3.176961059091049
9.46570611000061,0.7251362841682477,1.4239799093364067,1.8592541013556678,0.13116100191076718
9.538482189178467,0.004009316874832747,0.4998360207582595,0.4085953133647201,0.5442488367774825
9.607316970825195,0.31463098192718864,0.5924720033083597,1.8234972263767588,0.03791233802037608
9.674118280410767,0.13513689354273406,0.010325367323958057,0.2615730531327972,0.06415454975553292
9.742934226989746,0.2653806309595893,1.735064985637541,2.7453763945638543,0.6747028012682774
9.807793140411377,0.6414808382371098,0.5822484257075407,0.7177669304554931,3.748074597004747
9.879568576812744,0.6760972290637718,0.6148708139138472,1.4615195502385645,1.9173862586428623
9.950379133224487,0.0072621672900942125,0.8396247407619302,1.471625074470501,3.9561175319809125
10.017201900482178,0.8187247523371005,1.2460384490997842,1.0166947646061089,1.4718564455659409
10.084054470062256,0.2767543583445967,0.4637447387662268,1.897664720582654,3.693933010930968
10.152871370315552,0.25021459513108446,0.2520347883056744,2.3593928966945383,0.5479788774819023
10.220683336257935,0.3950836927392486,0.9987275014626238,1.342065172840437,1.6151165366609797
10.289504766464233,0.265165338336689,0.31133749564559343,0.4020625095410677,0.6780259165983966
10.35732388496399,0.5683955903751683,0.9871254881959004,1.70808581004199,0.3176156509895942
10.423144817352295,0.8441758331514664,0.031571709267443904,1.9631009777290185,3.1969043753879753
10.488970756530762,0.301589201083154,1.545487583315743,0.4528468463727444,3.3194092188844206
10.55579423904419,0.19585757951316585,1.4178188479861822,2.3460898638983636,1.997217584110083
10.621622800827026,0.9118576287314597,0.9278996664627526,0.8186791164041708,1.127233849081056
10.689437866210938,0.20193511066147507,0.6689123083976269,0.2476271211238218,0.5713727191986702
10.755260944366455,0.43457548384899514,1.4228386411422802,1.1781440004585462,2.364185744080009
10.821083545684814,0.6156976911751545,0.9751077937351698,1.880196634663007,2.3647185364837218
10.889867544174194,0.9665073873431089,1.165421467116883,2.562014669319323,0.6289467568796057
10.95569109916687,0.6713269881486411,0.056078088007855076,0.5209301338707266,2.7632369763565006
11.02254319190979,0.6969897253331241,1.3386812022767909,1.6918557698165837,0.17582550040061395
11.087369918823242,0.9481985798531304,1.370125042100941,2.280636135884343,3.4331481149425143
11.15518832206726,0.01751578592248393,1.4415441899426602,1.8376615205490885,2.1602690828990374
11.223007202148438,0.710386446994378,0.4830511667279187,1.6650466023887387,1.0302229983009505
11.291822910308838,0.3750512161565359,1.903543720395644,0.9236609372479229,2.1569405193345177
11.360639095306396,0.319777568458968,0.8960937694121709,1.485730013131584,0.282462329364928
11.425468444824219,0.9255973438486639,1.6605728783620337,0.9511663970973777,3.4386171571341944
11.493284225463867,0.49120219875291127,0.26898757906080184,0.5619181525341536,2.9076835752597883
11.562099933624268,0.6855318843202198,1.4079048482729353,0.2008451145490564,1.3538515682230305
11.631881952285767,0.964061569966524,1.3176082785492542,2.165258937210038,0.7855943092007194
11.699700355529785,0.7528019970088549,0.5421476922488084,2.1036043517525767,3.5399497976906398
11.768551349639893,0.9131156023498599,1.7770726328825734,2.121239861353092,0.9183745012175257
11.838364362716675,0.44520372140786457,0.31045085964700725,1.4681492620597458,0.4683911762145465
11.90917181968689,0.2004812520301048,1.3717417964077123,2.8972973513486453,0.13555976488014698
11.979981899261475,0.36984332978881407,1.8077238040260022,2.362468148923799,3.687712345940623
12.048766374588013,0.8568792499205532,0.19272716168928516,2.452792131912462,0.732358752210462
12.120606184005737,0.61006476555547,1.1370105135016644,2.260422256067202,0.8807658347993064
12.190455675125122,0.8054968738719347,1.1921588317839829,0.38910761436461827,0.06354559598455145
12.26026964187622,0.7095306956601651,1.3129155864672561,2.395404489962475,0.3238791785488222
12.330082178115845,0.43100891435975563,0.6896471736136591,0.10489693174664205,3.4175063850259186
12.399896383285522,0.07874295456237945,1.5386434533228577,1.7136848731389127,1.433558952340333
12.468712091445923,0.5300709581290672,1.8368143209595253,0.566743004050724,2.3553857368180147
12.539553880691528,0.8244481636647303,1.0003650090778513,2.408188030057178,3.2774125923772233
12.607377529144287,0.03397914516861522,0.8663191825017682,0.912716349852054,2.0318780746428726
12.677189588546753,0.28738768154301186,1.003722898495349,0.01501935042528113,3.3355168313195778
12.745004892349243,0.11622651717587329,1.7110885745315048,2.423817545006287,2.541739918757403
12.813820362091064,0.7639534277113951,1.4982949124601566,1.7611726116564288,1.008414462035672
12.884634256362915,0.6192734367953664,0.9915470315039012,2.118826199148632,2.5159795081521255
12.95444393157959,0.7629622779182699,0.7524591643188379,1.857301217137926,1.4572349997143994
13.02422571182251,0.20587351225689732,0.14940595697373293,1.4143534898180536,1.0813294768420172
13.093041181564331,0.10826393308154936,0.9743381181138371,0.7053910342449908,1.257220618375602
13.16188931465149,0.9676956540161319,0.020674651094363172,2.1147717159746873,0.13680746756156026
13.234694242477417,0.913733381305109,1.0276418344880567,0.6211151573710818,0.9800745163062659
13.3044753074646,0.9892908190409638,0.7631453521826614,0.4749141769713555,1.4161711810087545
13.376312494277954,0.27906292257834575,1.3686205792066153,1.8390085176838322,2.4065259693801297
13.449124097824097,0.5580916121999301,1.808909355178578,1.1764902362553702,2.3476457054345032
13.522927284240723,0.8889550919331572,0.12390060599229247,1.5124685100027544,2.916907765855302
13.598691940307617,0.5066936584514065,0.4777799153291735,1.636022807919672,2.853764437799425
13.673488140106201,0.1911810645366614,0.8070128762311124,2.5951188401205316,3.265973992613543
13.746293544769287,0.6335355602461514,1.3991449010601038,2.6233221359091257,1.5781921661109264
13.819099426269531,0.38363575137701544,1.4361365606165577,0.9607040416554388,2.394567457121033
13.891903638839722,0.43787293341542277,1.6693457352130392,0.01216436649255026,0.976619122219212
13.964709043502808,0.763554284911474,0.22534874130986537,1.2837048268124283,0.14431505489843
14.040506362915039,0.4720018951532673,1.532895208924757,0.17370708879060903,1.2112030812553578
14.116303443908691,0.49039278794605023,1.3081941024240995,1.125257082340551,2.3474395073841405
14.191139698028564,0.4706619739601603,0.5403585325039681,1.0149358857128015,2.4450033243286247
14.265939235687256,0.9341763869693438,1.4488253418722778,0.8395250656851843,3.0798309407986797
14.341701030731201,0.4167751817922599,1.618736668873262,1.3940415926141412,0.8929611223718705
14.422484636306763,0.5222790950824997,1.977705186645619,2.011291533177583,3.0532430739273764
14.50526475906372,0.48812275322864773,1.5802063515960716,1.6106355308340619,3.032025080148409
14.5940260887146,0.8932364140609123,1.9097665617576132,2.593782486981958,1.4935770554818615
14.675808191299438,0.1464389720288649,1.989893108167096,1.5300640787823458,0.8124116110257109
14.758586645126343,0.05825543788344867,0.7252812418980241,1.302627547100974,2.8515043566535554
14.843359231948853,0.8893132639097115,1.5518348432014617,1.91655015422159,0.2521514705621417
14.92713475227356,0.11435541735886456,1.919865325765983,2.6796011203143655,3.196273288190613
15.01888918876648,0.6008112618186161,1.4188824555508053,1.0171456842204454,0.5671751785842774
15.104413270950317,0.6535991714403926,1.2446343100035417,2.8262447074621444,1.4134059851880743
15.186522245407104,0.14111866875589407,0.8609723787988062,0.44407597597271853,2.4686363550109247
15.269299745559692,0.2686803593848929,0.05413924409420723,2.7711633574769836,3.536851176889051
15.34808874130249,0.7239859495506913,0.7823503808136998,2.6149616323550804,1.8880522145902505
15.429869651794434,0.1638349984516022,1.9990975815839007,1.4293168188923602,2.0027834199408834
15.51065444946289,0.30749337795078546,1.5710686936933163,2.6762885347670835,1.9857959162034775
15.593432188034058,0.533521544760581,0.5918284489627512,0.1163251033158692,1.279171319924857
15.674216985702515,0.14787080488210602,0.3244381231090825,1.2968138786361196,0.1647972236226387
15.754002809524536,0.7927277887271155,0.7913537462002858,0.39167856024695524,2.4490918271309834
15.83678150177002,0.731045401224457,1.4182861585706645,0.6562462215032172,1.1027529782268726
15.914573669433594,0.939973801143183,1.0765572115424578,2.6799839436935873,3.610063952803034
16.00333595275879,0.30674039614404547,0.706212089645567,1.894267226052503,1.8503162728684268
16.08411955833435,0.4269814497422142,0.06304326593367171,0.6175294561898163,0.45267879660971966
16.159916639328003,0.39546718693162475,1.2774409039595274,2.621652010461126,3.4563949044532327
16.23771023750305,0.6424170704678426,1.6736340295747028,2.9046145880991006,0.058721439791944885
16.31948947906494,0.07470391842510915,0.075123608392482,1.8786463464049663,1.3559350774196548
16.39428973197937,0.7502728133227315,1.8148002684998972,0.64451849480511,1.477255626733835
16.469090461730957,0.3063415766246196,0.5740386299515201,1.0338421263087507,3.0341611350481887
16.542892456054688,0.9499634967148486,0.14436361550931243,2.34889409245524,0.369329060851034
16.61871886253357,0.1720820532692503,0.33197867365415745,0.8092725367827538,1.4926099837621947
16.692528009414673,0.9239716578951169,1.615255092760844,2.7690017622430734,0.5637340690640444
16.76828956604004,0.6260551037691346,0.3963117781078913,2.0775065211500126,1.6169701397614653
16.84411859512329,0.27334090546648615,0.0019289575761916034,0.9160826394846138,1.2517405965443995
16.91988468170166,0.004972265973615109,0.08445809804379922,2.2493709900520003,1.0096578624314283
16.99372124671936,0.3318641427686404,0.07726590436037606,2.526169126399428,3.782596521057818
17.07151198387146,0.2107642325585034,0.8656458605694888,1.1819060763548044,1.6423231787441273
17.15030312538147,0.41069864911973764,1.9156748405750845,1.329585520683042,3.387772101052725
17.226067066192627,0.9494506214519383,1.2353294021935817,0.9558313367622241,1.4097499121473818
17.300865411758423,0.6831637400547359,1.4725141303779754,0.12734427688183358,2.574207803074441
17.374666929244995,0.21081862920883987,1.7580128242517863,2.8833881671831048,0.6848923816274217
17.44847011566162,0.009533462063841425,1.1678190168166758,2.0922801308282075,3.3153752659606686
17.52330493927002,0.44662828594335646,1.3135623092657709,0.9720484642079856,2.8583550022149935
17.598072290420532,0.6025563185585263,0.5742937067391578,2.4751635040961792,1.1212259169581378
17.67386746406555,0.10499508682577585,1.4579408519003583,2.85542755113407,1.8787369643499958
17.750662565231323,0.12189815448624486,1.7359910007259807,1.1611937318177814,3.509727701699274
17.82952380180359,0.18648194315734024,0.9199702675225028,1.958744411252988,0.13747407199599415
17.907314777374268,0.3611834083669837,1.820523382703001,0.04891244995048816,2.09168998485541
17.983113050460815,0.7042903800548401,1.59337037419791,2.4463907907963502,0.120703506036127
18.05894136428833,0.8801444981344142,0.17366201321343322,1.643619419592718,0.8491065830247204
18.133708953857422,0.9478557981481694,1.4842228321553643,0.9772247901088357,2.742240391080489
18.208535194396973,0.9871791161070484,1.9167236603263567,2.98930372623008,2.7393012615696297
18.278355836868286,0.5077585872393267,0.30942967989251113,2.760911746232577,2.7563933914993104
18.347139358520508,0.8567688480292331,0.7056616353808061,2.1847746565263537,0.7288297962765631
18.41794991493225,0.8320144450567554,1.0370479526588001,0.0544792905824385,3.1625503600945373
18.488794565200806,0.7742785254033414,1.6733820448232541,2.4051256658413496,3.4429700540242982
18.555614948272705,0.8440193772236272,1.1802604151480882,0.421920922840454,3.5234514356302262
18.62343192100525,0.4468418825132686,1.76230384929502,0.03528031881211635,2.8568926249635584
18.68926167488098,0.8458791720330424,0.7249994969464273,0.8066003781746787,2.485944021677108
18.757073640823364,0.4203817750437253,1.0700829692973024,2.3487551946546725,3.648769719387526
18.8228976726532,0.7340734836252931,0.8654078170117427,1.1797372344455042,3.054786098707495
18.888721704483032,0.4004539407350407,0.6429702852735497,1.5550954918562976,3.4944732724300462
18.95554256439209,0.5639434098488324,0.3045225520286303,1.5403688900171604,2.476216769235357
19.025352954864502,0.9603698137414121,0.8848488669155705,2.8198148021839806,3.7378339053851577
19.09314274787903,0.7352243441075393,1.7491870247374566,0.9571023792511186,0.9684028897217822
19.164952754974365,0.522699346668338,1.554299954967851,2.476091118550215,2.6784508836172094
19.23476481437683,0.8499150782775191,0.8649685788853887,0.05294016917420974,2.0752849934531468
19.304609298706055,0.45725103408890533,0.019372087917620684,2.3252981787444256,1.5859063692249684
19.37242817878723,0.4417404055963984,1.826020656834137,1.6919717839027566,1.7583270258830819
19.443238019943237,0.8619975850604891,0.9675655927744244,2.655637877508916,0.947840589452003
19.51304602622986,0.0404214023389432,0.9304509546221391,2.4728750461268048,3.236621466735343
19.583831310272217,0.29106896903408663,1.6662440111361054,0.5722999554756527,0.027171428424193955
19.65168070793152,0.2823471480567652,0.990845886152588,2.4251166753496953,0.8176120008682144
19.719498872756958,0.7908591424429511,1.7435691503573754,1.3432437422528125,1.1235297070485477
19.788315057754517,0.024222921186117796,1.933990129650162,0.2199336869327574,2.293689587750925
19.856135845184326,0.2602066475417161,1.6081390839961227,2.361899611260984,3.3011082667214073
19.923957109451294,0.26808178941962446,1.1426908772699564,0.5810607392081654,0.5360734511487171
19.99575972557068,0.6149316717272623,0.12503581344652748,2.67761295250164,3.9710372245570538
20.07155990600586,0.8405392310802676,1.4379886606684997,0.3957840286448433,1.4642112188566938
20.142378091812134,0.28587824394513506,0.18823531435205232,0.36382346504986907,1.300484416311905
20.210187196731567,0.9967115560750435,0.9279563387863037,2.3276002278546963,1.243395688073082
20.280000686645508,0.9369118382633208,0.5903065668617657,1.7301704340331554,0.023014547828221765
20.357788562774658,0.5064323523801485,0.4381723439196983,2.7877024376453843,1.188553418076876
20.425615549087524,0.40095081451878567,1.8928409290436419,1.5835310391203739,0.5665913990559948
20.494431972503662,0.9390124374196799,1.9665271752985178,1.464083057293269,2.788971553462764
20.56620192527771,0.7699527963471117,0.40589884014440103,1.4099873266378866,2.4211525451808686
20.635050535202026,0.5547871136595118,0.19284956938688103,0.6181011843788182,3.6393733878591514
20.704830646514893,0.03938692427490076,0.9732059044205714,1.2642391460986824,2.954962587089882
20.773669719696045,0.9279864679572004,1.8835104001726624,0.8839239797302217,2.5001249622990356
20.84249472618103,0.1930489097230389,0.4371206120814046,2.29576228601571,2.344780949259072
20.92925524711609,0.9333130099682304,0.013193674525495691,0.972003982091555,1.5036480184195442
20.99907660484314,0.7905991923836116,1.0120094076637167,1.6926430125881866,1.0036130592772623
21.067859411239624,0.9436654182798971,1.2512325643424491,0.7068404859501078,0.6114779939926924
21.138702154159546,0.8629468473383963,1.1279882103701688,2.0869200351785255,0.1580641420626936
21.212507009506226,0.9486632623255145,0.882153023494868,0.49823725620080417,0.7219356268355606
21.283283948898315,0.521453639752522,0.1674014772573753,2.502739761457342,0.03289975373400278
21.353135108947754,0.6791166219019538,0.40937783557711294,0.5914244737361941,3.028966363331095
21.421945333480835,0.0627638284326707,1.4378005551019677,1.3499123888502076,3.651040402730215
21.491755723953247,0.5551060442748204,1.6712715666802638,2.4579195059475927,0.9996266947248285
21.563568115234375,0.8424917187939581,0.9499069851761499,2.2442559668733217,2.2193817236573574
21.633351802825928,0.30219281156706523,1.5956805723079754,2.3838715495707996,3.845247351991628
21.702162981033325,0.12525038406551525,0.2939912957045858,2.6085433816469004,1.4704480930857269
21.772974014282227,0.8239484416811013,0.39382301055759505,2.966776122324612,1.2505599604059139
21.841821908950806,0.9014934838340011,0.19086936942964972,1.7690856800262762,3.518866674440739
21.91063690185547,0.4503404703144228,0.9677306079846106,0.7449420763286762,1.3689774246763227
21.98144841194153,0.2538030618727265,0.7076208028537947,2.0680072848751134,3.02993586272438
22.056215524673462,0.6240428696362554,1.347996513553166,2.763538793657935,1.7569440304817876
22.127057790756226,0.7744128150223267,1.0949883780355927,2.354013502890407,1.7814290616803254
22.195874452590942,0.16698094110531447,1.638440871411521,0.8626398756908186,1.037842892786938
22.266652822494507,0.9942165964040031,0.39304279085262195,1.0695619575941557,1.0149580729948369
22.3364896774292,0.5129368500891903,1.000003307130679,1.634234794801222,1.0359801818233603
22.406315803527832,0.12509533073175794,1.248959025840408,1.8551944190094145,2.9288521357653923
22.47611689567566,0.8070440989274229,0.0068937738779562,0.5183950250282516,3.802875200325287
22.54494047164917,0.8208647866484677,1.1031856176018224,2.7026538321904554,2.1278792088296528
22.61474847793579,0.24100712263573265,1.8306656330859887,0.05846682859216534,0.27027324009434706
22.68456745147705,0.25929028310449453,0.2890014718553342,2.790457732019152,1.4878146811225839
22.756375789642334,0.7523225646192289,1.4232136327358382,2.673010051362184,0.35991838331652737
22.82618737220764,0.7393065889419467,0.9607073337500949,1.9234811548469484,2.1777404427055767
22.896998167037964,0.31210072034973857,1.6507346110288146,0.27589785663645394,0.7853957377926135
22.966780424118042,0.11793161292000576,1.0181623078255881,1.200075738698681,3.2120664569857365
23.03761577606201,0.35706536019484936,0.09253876955654183,1.2294424312812429,0.8521533749204342
23.10743546485901,0.19756296300548326,1.3853510278895136,1.2437095497492288,1.833121710937315
23.178251266479492,0.9979913408826948,0.2964216399278288,1.7927672937810044,2.8951370225956925
23.248059272766113,0.06114504410124333,0.7172588876700494,2.17977451166855,0.5057108276567801
23.32086706161499,0.34898081781987556,1.3681701345403012,1.1433764958241217,0.4970323909338541
23.392639875411987,0.7491265295799018,0.38777710931882337,1.5968326056324522,3.803730883256203
23.46444797515869,0.483187573986142,0.694450310292557,0.8827109012045391,2.4002646747500966
23.5372531414032,0.6132865927382684,0.48589629767810916,0.5271560837661318,3.8628615586879533
23.609060764312744,0.39721183538096483,0.3823023833094772,2.7599197123892782,2.3601828993206824
23.680901765823364,0.3731557978606862,0.32666258858652464,1.6960096688522066,3.6762577592631893
23.751713514328003,0.8855679417024377,1.2907104678407166,1.4543450861335003,3.1584526552694845
23.822489976882935,0.1471375944947233,1.4692809458136602,1.4525044824817956,1.2347314099204647
23.89531970024109,0.3860743935777574,0.0689834333320214,0.9879003353932696,3.6807979910446487
23.97112488746643,0.8710450817594168,0.3714934796003886,0.6664269922314399,3.1975423082862067
24.043931007385254,0.00025576482048450533,1.0704945056774242,2.7324688652740297,3.3820977876255456
24.116703748703003,0.6309607796197644,1.1749931920676604,0.9933699540621325,2.3628931446558634
24.19053816795349,0.5999950723334918,0.9197806096107739,1.2957034373208811,3.2155896772470594
24.26235032081604,0.9326967870490462,0.7791761301194084,0.28006972815188225,2.734286379625495
24.336148500442505,0.8930872940889608,1.209370980104663,0.9178243928072686,1.9091935991655506
24.409918308258057,0.9466224682353797,1.3568074371993408,2.4153300612727078,1.6962214404797966
24.482723712921143,0.696349039509812,1.655214510406493,1.1821825046665178,0.4486977887369066
24.56254267692566,0.8289784317819191,1.5509685372284092,2.1640918394724773,3.6964609748968993
24.634350776672363,0.0725503462931747,1.4057842327157077,0.050046983236349596,2.3714206012214083
24.705162048339844,0.6356206970523722,0.8386351471067535,1.9473844467315868,2.259316188067088
24.777966022491455,0.5668155846670347,0.4044288973945056,1.7825650073301502,3.3675842277962786
24.849795818328857,0.693889047012308,1.2073932188230836,2.0108295395357914,0.708982399199682
24.923576593399048,0.8030607118197505,1.39535901461937,0.684661001789923,1.00834832524886
24.997384548187256,0.46574604497467775,0.8083127136226052,2.574498076194665,3.983129477746216
25.070184230804443,0.5405678135622998,0.7054198798647704,1.8308744819567677,2.405660073989158
25.151958227157593,0.10170081042723045,0.6189261699750825,1.132796811149448,1.7661548665657212
25.226733684539795,0.21763374371662225,0.3606502335015249,1.1375281185254547,1.2103173085950805
25.298542022705078,0.5528997299094239,1.4157696896246572,0.653860362267129,3.6965149731230413
25.371378421783447,0.5365223096241658,0.5102918014849023,1.5182658860967861,2.6809429799333984
25.44518232345581,0.3985773567944547,0.2610010910508478,1.7455042389722448,3.350490426828539
25.51695704460144,0.4967593421358466,1.0494003731139845,0.41148488602518496,2.3588640367860556
25.589792728424072,0.7656068267478212,1.0439880363304137,0.2637478642525607,1.9319282679522476
25.66256880760193,0.7730846422397973,1.2792500520141075,0.9024265823010565,2.4826302915237
25.733378648757935,0.4347825578401099,1.698275178120755,1.2560483973213235,1.5803255103914058
25.80621576309204,0.6746539425134137,0.02627669960130219,1.7444779511077053,3.5645796142119766
25.88002038002014,0.8535950206735922,1.2124223896442263,2.907555891542579,1.7271651882603476
25.952824354171753,0.6572657457366836,1.8014906577020382,0.009653034089662116,3.6703880599289183
26.025628328323364,0.07161426211034139,1.9440050842353431,1.8676783383045128,1.1925322285968925
26.09643864631653,0.3172300187215451,1.3912343968314238,1.4900765153448767,0.8741795171836371
26.170243740081787,0.04299724207300848,1.4804735394526953,2.043073740990537,3.7437399486111977
26.243046522140503,0.6316329807562536,1.6968473621378808,2.8687400229924345,3.783415465477234
26.31681752204895,0.2815415359930762,1.2662484743797244,0.29556404915166845,1.759367103669562
26.390649795532227,0.6434388237991993,1.1451484847543185,0.2569033873057869,2.1048647512510135
26.464454174041748,0.24550824164213603,1.1334432074203808,1.0142056740570191,1.1209504803502046
26.537227630615234,0.6105215635083999,1.776578519798481,1.798614623131702,1.643729952488774
26.61006474494934,0.7981843698605002,1.8615975578275834,0.907030008179412,3.406902620803721
26.68286967277527,0.5900990178651393,1.598165446558721,0.23485049265530467,1.881021615325273
26.757667779922485,0.7181252369605741,0.26118752981545756,0.9699827845785947,0.6179953038619694
26.832437992095947,0.6827704617274913,0.6324795181206313,2.9150706274286224,0.5011849254805849
26.907269716262817,0.6348964819738862,0.13768607887077833,1.1649783527194189,3.233567028782449
26.982069969177246,0.5041713521176544,1.2425244424157427,0.591780167957306,0.4356996466409404
27.05687117576599,0.575600908063687,0.9482972860196501,0.055859636016361014,3.0287801853632743
27.128688097000122,0.7406909608720049,1.657776149410107,0.8548834853261327,0.09856578816613037
27.204477071762085,0.7441114115010197,0.6554722848142243,0.5664933433675983,2.0836139020326683
27.27728009223938,0.345814990232695,1.6979282801490656,0.3675474232224465,0.3689341180335335
27.351074695587158,0.3565294874335929,0.7673099825783538,1.4927328459782354,1.9197808832904726
27.423855304718018,0.13399877234190893,0.25256892206294523,2.5476547806554835,2.7157695841713054
27.4956955909729,0.3235814786300608,1.0332569154459943,1.3501810918056096,0.5582947596365502
27.572489976882935,0.8621405600989812,0.5383414083610569,1.2954484353796782,0.30367027282029335
27.648255825042725,0.31555555234472976,1.1967096059481859,0.10517482865900085,2.633042374921616
27.722060918807983,0.30303674741123043,0.3995546543251993,2.6421758316012514,0.2784580788380606
27.79490327835083,0.6294747756509518,0.3696268809022458,1.0731726877310348,0.7911250270066206
27.869696140289307,0.5469157702166342,1.751863739697966,2.2684008046032265,0.4390708983003613
27.943466186523438,0.37017210341060325,0.8363529648967987,0.8828056064341323,3.459805335901526
28.017349243164062,0.1806724451011753,0.2730259616125861,1.1837934717114997,0.03302874527906807
28.09114980697632,0.77198811669754,1.9111986456184846,1.4511633894970015,3.184600629066575
28.165949821472168,0.08298435337986432,1.8893120026667594,1.6203496407602838,3.517101415403707
28.24074959754944,0.34117021288932226,0.5804610757627329,0.5363927589594764,2.0544140196077527
28.31954026222229,0.9569310995366278,1.7827782467367241,1.7226718072155718,2.2654989855271315
28.395335912704468,0.3976430469727029,0.6010146111805945,0.378816246498202,1.068560161623886
28.47213053703308,0.7507619844067567,1.1390627491421577,1.7026227333857311,3.3906636239285475
28.547927618026733,0.4645316620213127,0.05024295016899605,1.8891984863979792,3.1522122521984106
28.623725414276123,0.7686151280743738,1.0859617439143443,0.040106398907192364,2.632416354458001
28.767340898513794,0.43825465163983224,1.5746740679440003,2.605504041336592,0.5001868294416858
28.84513235092163,0.46285075761569106,1.5368632900366712,2.547700258739116,1.127862540110124
28.921926975250244,0.40564752060775733,0.40443818862307657,2.585063628900893,2.7402573651125812
28.99872136116028,0.6700733686407263,1.3925772931311982,1.6695041747172459,0.08155839888201255
29.085500240325928,0.3035614173109754,1.7169652532864612,2.371725116949024,1.874939812187161
29.17325472831726,0.38574996017957996,1.0990955572615375,1.6534785981501527,0.7778862016725432
29.257030725479126,0.9295386558897186,1.5465839427748709,0.8547400302681707,2.4154736882167187
29.342801570892334,0.5967681750845624,1.2078730569090126,2.4322445703937725,0.44513636080773056
29.429569005966187,0.24079572007404915,0.7658431781581541,0.3997551478335494,1.4311767446994978
29.512356281280518,0.19917180563944248,1.9122955183189756,2.6945858898437383,2.8283101938129005
29.59811806678772,0.5093258866535858,1.7359255149803776,2.1871149852124336,3.9536463552214633
29.681893825531006,0.2026454187614627,0.3324772577606785,1.8135465504763455,3.4607739542853118
29.769659280776978,0.9003563804271107,1.218104802039929,1.6324088645918713,1.2029759813741525
29.853435277938843,0.6411800659753004,0.16779251553846986,0.4017155424727812,2.756967539626094
29.930229663848877,0.9515207252774194,1.3324461831399408,2.30386878972399,2.1393088914631315
30.012012720108032,0.08890357177291652,0.807288164519995,1.2421188327011043,0.23534168535934707
30.09279489517212,0.4091569755924589,0.06262707661506028,1.743276695729215,3.4747612591170776
30.171584606170654,0.6197311591978584,1.8594816189780572,0.005981313529121013,3.656863369087083
30.251370906829834,0.08827980293151616,1.0437002944265046,0.7642090273064974,3.2739069894679296
30.330159902572632,0.6340464573083235,0.30145362549416066,2.8723235941324465,0.11408234262801376
30.428895711898804,0.1303017002890321,1.1874646169342962,1.1090254939928952,3.3082499593429335
30.518657207489014,0.28013586387189826,0.30053812742430175,1.112772906821817,2.1673848729099663
30.60043740272522,0.7155344964549935,0.4092639726564753,2.1907326378619265,3.5184524761267246
30.678228616714478,0.06293225331180341,1.1101678021955246,0.626392454063021,2.4239360371544154
30.762004375457764,0.48367161307426687,1.0828953458682102,2.55363886542563,3.4119867112487507
30.853758573532104,0.5763730978567427,1.1348981567447733,1.5156266913666214,1.0357517436950605
30.933545112609863,0.5932367859876972,1.5187059012024269,2.8007623123832204,2.7267589388845277
31.011404514312744,0.30311640876561885,0.6671404455309731,2.0804933794782383,2.1164705769499004
31.089699268341064,0.9543559620004303,0.1244571993347674,1.4360894219771867,2.50681079992067
31.176973581314087,0.5326886690304977,0.4418712580038169,0.4285659265584668,0.1567577403971856
31.25675940513611,0.6513735011960382,0.39634562435905174,1.1859934056857755,3.292504679074408
31.33455204963684,0.269989519937729,1.6517547716723668,2.009977992809099,2.1143935176684137
31.412343740463257,0.2709046602521086,0.7166817870066504,0.12937697742679322,1.6422058180983492
31.49412441253662,3.2376730255467834e-05,0.05892738473013859,1.8598117243310976,2.1608819306407447
31.578897953033447,0.19714819354994462,0.8448991067274567,2.031767410129701,2.9611714382200933
31.656689405441284,0.7916232297709325,0.9208384287029514,0.0909204183653225,1.3661384181104834
31.7364764213562,0.689885155697194,0.7701720977682396,2.7428517883320733,0.45657351825963843
31.813270092010498,0.07989597403171322,0.6546376004591661,1.2308756453459964,0.011131189355932491
31.893056869506836,0.7240739753337642,0.8851200748920227,1.440266899149492,1.2938085984878813
31.979825019836426,0.008517965059698596,0.5574950209766567,2.438971216606915,2.524780485998747
32.064602851867676,0.5571948287394938,1.7102453457069149,1.5887826878016744,2.431655640137432
32.145381927490234,0.4496598964311236,1.9420424303312862,2.168192909092041,0.9050707371749405
32.22516870498657,0.01848829567969479,1.9265781876341779,1.632255232777137,0.4087793554371215
32.30894446372986,0.3734536102135918,1.2692530661897323,1.875147666593513,2.070912037681734
32.38673663139343,0.16181335979505573,1.3919148357012852,1.837606844102306,0.42155593369486555
32.46652412414551,0.08626923923839369,1.7375743610691274,0.2454104073794342,2.21313439258059
32.548304080963135,0.6668940035510996,1.6892624031468881,2.0538957100113753,1.0547276702123645
32.62609577178955,0.269568335471971,1.0590794626080247,0.9271236608461478,3.766542423615965
32.70488524436951,0.9518779412498336,0.7408444742035314,0.11008483397646085,3.8588805393168775
32.7826771736145,0.9202418878232064,1.1757961243439743,2.347232254370229,0.0604138856610259
32.86146640777588,0.06537936791614274,1.8115112008527978,2.7852942511904426,1.764429134144275
32.939258337020874,0.15667030365363255,1.5933021081763175,1.1768043388303258,1.7987383664452925
33.01705026626587,0.18935469028236274,1.2276996603941484,2.9593624418324573,2.4716423277113617
33.0938446521759,0.4374357906453201,1.7466031748286885,0.02050029947657761,1.7266945502254054
33.17263388633728,0.8989466047726036,0.9358711778251394,1.3102137631660378,2.037064714540752
33.250425815582275,0.45115685932969785,0.33452308095229966,1.6651715478440416,0.03363538118705511
33.32921481132507,0.6209677137281473,1.4552334117243788,2.596033296047568,1.7909490274311737
33.40800404548645,0.9200243031581146,0.2787164499359671,2.2165636908639703,0.11441245412339196
33.48878812789917,0.3423916057912749,1.788275337440604,0.1735587012719768,2.584993258007738
33.57156682014465,0.3825248575168778,0.6819148014050895,2.5486011178133485,1.218465307317472
33.653347969055176,0.6746146531756176,1.8748077753910617,0.45539269390188397,1.4932703195019257
33.733158588409424,0.9374179872034354,0.35918467596045267,2.012900366636895,3.207954911684799
33.81294560432434,0.7260919379929062,1.8329328317462843,1.032916381196973,2.331971930444833
33.893704891204834,0.06934570077001312,1.8093425384925808,1.2458905591199154,3.529071702744925
33.974488735198975,0.9604611860027478,0.7532606150990659,2.81073271330321,2.010861026805652
34.055272340774536,0.41216274509980677,1.0031577501539415,2.3967232352960433,2.4026911520128733
34.13505935668945,0.6776995417482864,1.6451100700467052,2.556379902024471,0.4047597541793899
34.21484565734863,0.34714845689511487,1.8271997295598748,2.6858284497975076,2.1014007615790224
34.29562950134277,0.004472102302504166,0.540033944507341,2.2335120352877915,0.35258494678856955
34.37741041183472,0.7650072142266762,1.5068292635345217,0.0019809126485943462,0.534897262649058
34.457197427749634,0.6556575139905102,1.2097208056990165,0.7069022111149452,0.5870035068986099
34.538978576660156,0.07565816983715756,0.02845269305826892,1.9615371390047938,1.3558454425628983
34.6197624206543,0.31067110166313194,1.7838751081939115,0.9055074084986064,0.9518888070736558
34.699548959732056,0.29568015061864483,1.263823971292855,0.8926632616134004,2.7712164944936615
34.780332803726196,0.5908388020167299,0.6734383438569223,1.0248599195053174,0.755268502115269
34.861116886138916,0.5608258645353158,0.5268202687842614,2.0879339216397277,2.7724161393388536
34.94289779663086,0.02149278137248678,1.3151022657760112,0.5485916987065143,3.6454713929463596
35.02268433570862,0.49919757729299774,1.4611803474145606,0.5772533585703402,0.17858977775198692
35.10346817970276,0.5061780405509346,0.6115951392177776,1.734657671517515,2.533354745439738
35.181294679641724,0.6945101557347758,0.6451450558438556,2.368743500078581,1.2297378632112914
35.262044191360474,0.748214293052161,1.0444242540535604,0.24346559896759845,0.13708104751916927
35.342827796936035,0.871250285909562,1.0388856886161733,2.6076165314919653,0.5084109878685008
35.42460894584656,0.4450601789996864,0.5325025172591644,1.4549289070526195,0.12704535319543808
35.504395484924316,0.9689788585948309,0.6785487780859465,2.199073435624505,2.3314863705990083
35.589174032211304,0.27811397407908034,1.1682074594556136,1.8088093165654324,1.735673965505602
35.66895532608032,0.9775842925215249,0.49815508020701427,2.161444746077396,1.9566439716314226
35.74774718284607,0.642615587912838,1.580578343934944,0.20237857147761384,2.3754133201709617
35.82852864265442,0.7052121848396901,0.2153603616305595,2.7112640040922567,0.25748365863337597
35.91130709648132,0.6400476646390708,1.410966872566682,0.6942898679833548,0.9250468600666775
35.9920916557312,0.37591402837511456,1.269899029052965,2.9963641952000897,2.812001964355392
36.072874784469604,0.275721880724649,1.8896097648728993,0.337026594649269,1.4019002226982593
36.15266180038452,0.1342275504757794,0.3823500760759839,1.1103346660688356,0.5876468339303074
36.232450008392334,0.13335038531562493,1.33017164367149,1.751155561301157,2.2020406371580865
36.31323194503784,0.15218064306376122,1.0798861404091968,0.4337212280836501,0.30312463976340975
36.395013093948364,0.036925376057529435,0.2346851045429632,1.3071779365433915,3.48017266149339
36.46881675720215,0.6000996176252864,0.7755232182699996,0.003494730114307787,2.6917595653466457
36.54062342643738,0.691551652357611,1.5313998513021978,2.6607026943348044,2.3500873677228102
36.613428592681885,0.3024190346253244,1.5477440536203202,0.20671466130022642,3.024275997766093
36.68623375892639,0.14338479919498848,1.1424258989254674,1.6141963718298533,2.100569643940518
36.758041858673096,0.21759286918600462,1.9409700796049907,2.8514369107492072,0.7937541240824597
36.82984972000122,0.16947343786300895,0.6802709227744117,2.9708260667863056,3.7485110703937936
36.90464949607849,0.29012373117441603,0.91487342011969,0.8653500020890679,3.4038858480133785
36.976457595825195,0.10297357969929466,0.8286439351663857,1.9125732024380098,3.7812915068210335
37.049296617507935,0.561150813492539,1.2567742903804866,0.28519279164757727,3.2034881789665963
37.12406253814697,0.3041290829734272,0.3065735789980881,1.3866385363084803,0.14174696911439177
37.19886255264282,0.18616832517511517,0.8658645399895972,1.9777697003767303,2.738977768442303
37.27067041397095,0.4636902509093186,1.7337238563498503,1.696466069629265,0.7615393927108456
37.344473361968994,0.6153577647140923,1.777089904922339,2.1229374362856412,3.9002203742319543
37.41727828979492,0.47255050497932083,0.2463900785328359,1.1781910185664706,0.5436035787983591
37.49207782745361,0.9350383373358898,0.42890517200829126,1.3178558135641683,1.9580177078010115
37.56687784194946,0.4032272419442483,1.7805275441095614,1.8060704228291682,2.210060407083703
37.63968300819397,0.1805488916153819,1.4932912683120578,0.7353223608091286,0.6986721741672226
37.712488889694214,0.038786207393851635,1.3307928898162984,0.8581588459413881,0.9140764857568704
37.7842960357666,0.528731170846894,1.7370432559630398,0.10156994502177463,3.194022083625245
37.85909628868103,0.15257507008999083,1.0727300594439588,1.2450911938344886,0.5125956184500238
37.93190145492554,0.779685094669313,0.8914666305354715,1.4253810230117203,2.6933741377262446
38.005703926086426,0.4989802922324038,0.45251602585593353,1.1965868259133738,0.3729643252406807
38.07751178741455,0.016769974980758717,1.5456295234195405,1.92892528326636,3.9289212171521597
38.15031719207764,0.3342269679211348,1.8211375392055507,1.6531827954330458,0.5846968148059393
38.225117206573486,0.9582570190449224,1.6268814267301215,1.4501615219583313,1.6776542050097807
38.30091428756714,0.5549710746771278,0.4491036564879223,1.8978892462405303,1.9367696553289342
38.37970423698425,0.8333442955483497,1.8390342895940224,0.597720570116852,0.701526228180668
38.45749545097351,0.9161448777661996,1.2498795131138902,0.7088621939067296,3.166615026445249
38.536295890808105,0.4491195749506858,0.9201636525424164,1.433854991836982,2.608339491432925
38.61208152770996,0.558592146964677,0.846947324774272,1.019873739788481,1.6783365445451404
38.68887639045715,0.6139894088086532,1.1293598588447193,0.245422264770354,1.3008326117981035
38.763676166534424,0.7658767612843663,0.9703814083404789,2.3274812594018073,2.953532924672696
38.840471029281616,0.3545936089046916,0.5788592840112472,2.696966498408016,1.7942759607155683
38.916300773620605,0.3628026652874906,0.8077425433778009,1.7625243109886832,3.360910986498271
38.99106812477112,0.829398509298939,1.1026513784551892,2.2987392775767144,3.5738091969655907
39.06686496734619,0.03336606187393143,1.1326926885144784,0.12295151314645125,0.5287495705632219
39.142662048339844,0.938386165006463,0.3169202071821766,2.5365140120718865,0.07728817534609789
39.217461824417114,0.71307413914882,1.2654530647424111,1.5617162361904047,1.0764801802898019
39.293259620666504,0.34247065740390903,0.19533807223156763,0.08019567706671948,0.9246580846057637
39.36706209182739,0.7633254113429532,1.0137993098743008,1.2166203983681219,2.1000991251878407
39.443857192993164,0.5926752705046124,0.333664748018371,2.0141373384392907,2.6688671106034896
39.52164840698242,0.1118544407445835,0.6739123638736015,2.3130838284800435,3.8389823583413576
39.59744596481323,0.3581645263934493,0.006290102416607768,2.8055048487826224,0.6093479904725534
39.67523789405823,0.24902030317798363,0.5039584607776775,2.06958402010923,3.693857133903298
39.75901389122009,0.23206374716365685,1.2305990303044263,2.2394812680754796,2.42043620101752
39.833813190460205,0.455456734473319,0.3611759973219575,1.0716472053512125,1.3003174345371185
39.91060781478882,0.8830118490968311,1.8703809036310728,0.3236619910980105,2.32728079870314
39.98640513420105,0.8128020206186746,1.3433395806782438,0.8570261004173979,2.8641081345720822
40.0622022151947,0.43033087250313196,0.2287914861778877,0.3052576424710963,2.9402505644907255
40.137999534606934,0.8952813833016262,0.650312792771786,0.2943974122086067,2.0057587998446853
40.213796854019165,0.06906856940251715,0.2572795797877321,1.6563140017709919,0.15126311726960084
40.29158854484558,0.3128938863233782,0.780506581935148,1.3926378238517665,3.4936825564845853
40.43420767784119,0.1106789406390607,1.27951124469615,0.7984990448388085,2.4462454258214987
40.511998891830444,0.6732464010168273,0.5781682049387367,1.7460202073086117,1.1670552078864174
40.58979058265686,0.8523969983819092,0.9135496556774927,1.4999898334508641,2.67610320898947
40.66359305381775,0.6755845342787337,1.1617586313163237,1.2371670281930012,1.9551961284956008
40.741384983062744,0.961541556360782,1.4228303034552443,2.3193758327853584,0.14414844213883304
40.816187143325806,0.9797928741319153,0.5349996138372124,1.446448713296307,3.2564027936654614
40.89397692680359,0.10918350316016945,1.332988809332471,2.069868828628308,3.411774043898198
40.96877717971802,0.09361034718174943,1.055332692372419,1.2932043589786562,2.847352623932278
41.04557156562805,0.403126403363541,0.23009066890730723,0.6399186716802181,2.9797280895402984
41.12037110328674,0.734223408845315,1.7538771900342467,0.33464815392519975,1.8167470051464498
41.197165727615356,0.05048987315374731,0.37237567751050404,0.8647427041029342,3.0689131271585306
41.27396059036255,0.8394488318785498,1.1339528676370205,0.8421785033903838,2.914119124444169
41.35077905654907,0.3401172419131179,1.9521986640275921,2.481593131853466,1.656929983782638
41.427549600601196,0.8217474713989759,1.3320093891415787,2.816904377227886,1.7308062360761163
41.50434398651123,0.109464179437323,1.466828040736205,1.0488651419898098,2.6498769146143966
41.58014369010925,0.04582423683517545,1.824577795690971,1.810897379753989,1.6856872787215824
41.656935930252075,0.925469608977344,1.8925790500978856,0.3296057244625147,2.9115120288602183
41.73373055458069,0.9658644936076074,0.659739701852617,2.0507317979388042,0.8512200644615384
41.812519788742065,0.48270786949649036,1.20943480390528,2.727644069735869,3.3329118994118825
41.89031171798706,0.4005272493368295,0.29145811013349254,1.3176305029680493,1.844566189597157
41.96810340881348,0.5687400120306968,1.1525516819626518,2.631213405234869,2.9980707595801332
42.04489827156067,0.8735861911735879,0.6051688082190503,1.97391554244275,2.727648610879046
42.12069511413574,0.7865750913564337,1.1685741092781405,1.176769997811895,3.3920198370336783
42.196492433547974,0.6916748695495777,0.5831290095210206,2.07949480285665,3.5549931943635067
42.28226327896118,0.6033474007040505,1.1851744298305167,2.214752384415764,1.1535322670361245
42.359057664871216,0.5930886890301957,1.3215587919750078,0.4421584578963742,2.61925929708286
42.43684959411621,0.22842563400987204,0.4922076139143685,1.0172165510312194,3.683580950182178
42.513643741607666,0.2680613732238867,0.9582433427530332,2.1986964225456025,2.2209450055551296
42.5894410610199,0.7892037267805528,0.6611041346328475,1.3609287183425804,2.2381166016130374
42.66523838043213,0.9485864960802656,0.7650633727870246,1.8538683190287037,2.464014959773105
42.74203276634216,0.6689623259202008,0.1185032689079677,1.0093035624545093,0.8558645080336791
42.82680630683899,0.49402517630991416,1.2288285201499096,0.7381721151067455,1.136811282755529
42.90260338783264,0.27010129484144296,1.8526163047279511,1.202033905715704,0.02952100858780682
42.97840070724487,0.2662734311454148,1.3967357354693426,0.022007811434925806,1.8209257569079824
43.09209704399109,0.01213576907492575,0.3751190641739677,0.2629719159238231,0.1167780720059266
43.17188310623169,0.5665272747995234,1.3089072835688547,1.6556805616761738,3.496744825388989
43.24870586395264,0.3655179764492478,1.7832118073662018,2.5625250911072692,0.29321967707159224
43.32746696472168,0.6215574095696916,0.34308504686046937,2.4440632417834305,0.9675680380350791
43.405258655548096,0.07845783684823937,0.27225556653080085,1.8618840905870346,0.030231628085553908
43.48205304145813,0.9975159317707435,1.396003236496028,0.5899633293018103,2.78064390669181
43.560842514038086,0.37783955246006995,0.5802789166264621,2.3217071814341903,0.0011133727646792657
43.63763737678528,0.9625587277814149,1.1840101438468285,1.6003915474380026,1.031274034578975
43.717424631118774,0.2094436646944241,0.47035573718545187,1.3746526360469566,1.9983822870354788
43.795215368270874,0.2986255127021108,0.6526599198172363,0.2040222570108292,1.5743466393309618
43.87400460243225,0.6066387811755015,1.2945430545687708,1.3160368734072405,3.2184451557320424
43.95279407501221,0.7563113617597025,1.2594439069944985,2.754438143200675,1.5968167934385367
44.02958846092224,0.4668201980209249,0.0987115855819618,2.2673457724466854,2.93444119719399
44.10638356208801,0.94019082460031,0.5022890475917057,1.8694638414307598,1.1615664686962206
44.18317747116089,0.4749076751245114,0.44852878019528064,0.3220274402911535,0.30020895576722495
44.25997185707092,0.36232208962042056,0.7728808723327272,2.363165816514541,0.9405468080270714
44.336766719818115,0.3574431077798975,0.8027208507783012,2.7341983150351226,2.1596500928893123
44.41356134414673,0.20085654771834927,1.1652031176365103,2.3661660101026456,2.01870401047223
44.491352796554565,0.7891373854421047,0.5286816253912872,0.1345649828358878,3.9821005868316592
44.568177938461304,0.7550276595950937,0.9169300907730447,1.1806222984782142,1.705866705982427
44.64494204521179,0.13071901889355586,1.1846333621870921,1.7620216153775017,2.404951080209391
44.7207396030426,0.2520511198806916,0.30847975416620943,1.0032669179264824,3.740613038376107
44.797534704208374,0.3771059939394815,1.6363466453250841,2.232829949963344,0.420495543170079
44.87532567977905,0.6201159568717249,1.343358762380957,1.7746576321233283,1.2480922805450132
44.95311760902405,0.18515000191610131,1.8756171626757936,0.23040352997220082,2.426849966728368
45.0309100151062,0.5421407528171188,0.1154988379340578,0.20246748641153745,2.1257729741859412
45.108701944351196,0.8895236860232831,0.8313430511409474,2.339790241052251,0.6314296842079283
45.18549609184265,0.9215063189370126,1.788644160414221,1.0955173268654574,0.005123612083656859
45.262290239334106,0.22189919186165363,0.4893357511227332,0.4299590701532987,0.7615004726258636
45.33808779716492,0.7806256721783073,0.5909504617297217,1.736493980196343,3.3008409569953363
45.41388487815857,0.8857815370098521,1.8222131872501413,0.509028822123627,0.3945610961723527
45.49466896057129,0.24711394240654105,1.2051879679239579,1.4800651247763106,0.19413892285343604
45.573458194732666,0.7060697106079153,1.2874783433180734,0.6925843555956553,2.46300511577062
45.65124988555908,0.302632160721638,0.7700226100129581,0.7388359384254332,3.6919755719678613
45.728044509887695,0.52736559870716,0.49423628743626247,1.1391803544197847,1.1932275189130763
45.80483889579773,0.03708228232021338,0.40679312290164904,2.692217008704149,2.4782250355088915
45.883628368377686,0.5429751286129632,0.47664728089883335,2.6021791615918026,0.4350898114692887
45.96042275428772,0.6289082795018184,0.795702200518686,1.7524390167030206,3.9991130733962814
46.039212226867676,0.8518292212462738,0.7658901241547045,2.4975699877722275,2.491983252738043
46.11800193786621,0.7886347528567302,1.642659645078821,1.2120084991706412,3.6272568076767233
46.195793867111206,0.4121376493528973,0.7943526135189662,1.9709115215448363,3.8969227674104974
46.273585081100464,0.42112884696335406,0.367577965508751,0.5592139206766648,0.7024444175557716
46.35237526893616,0.03619418315017986,0.2541717714093741,1.0512561770478346,2.066049794261679
46.4471218585968,0.29192753603738597,1.7742091875933519,0.01695886313415773,1.4537860112323258
46.526907205581665,0.7012588146888814,0.39368215521183414,1.5051461540864481,3.916910563688386
46.60572910308838,0.48848997380503456,1.9515669912635036,1.5290012804429345,3.4481668429021353
46.684487104415894,0.9525680823254639,1.462611696282747,0.20267460939329185,1.5104086000342134
46.763275146484375,0.12478166570576776,0.601079057641486,0.1863612033856753,3.2117375778282886
46.84505748748779,0.4163034086443972,1.7849503687478356,1.3342852621960517,3.249688088260962
46.923845291137695,0.9604351471685539,0.3748925948361459,2.802249069799144,1.9794887053760202
47.000722885131836,0.7823088722269189,0.7798694815221381,2.816123362469681,1.7269176817374263
47.07851481437683,0.6265974857454464,0.8923480729330151,1.657441143065439,0.24335650059303138
47.15681195259094,0.614312941455045,1.1016242413404134,2.2188706023723808,0.6328792159438623
47.23460388183594,0.3808278401833215,1.9132603391277996,0.5424586881522465,2.538988514453789
47.313393115997314,0.4990560754453741,1.827018896629613,2.4432214446426608,3.5211662113415487
47.39118552207947,0.7321682091994757,1.01161256995096,2.3592310243846963,1.3245205701653537
47.469974517822266,0.1804666720857604,0.8550210157338805,2.5417126620331256,2.7363219227205833
47.54776692390442,0.7647062248366868,0.1969351314127552,1.9686838428321876,2.0524910661933244
47.62755274772644,0.3612607952034169,1.7143704301950708,1.065286851003648,3.6533316184460154
47.70833659172058,0.43010855448087126,0.9323364883379961,1.2832378410307892,0.11697255901137726
47.78912043571472,0.5754159355204457,0.009532394380688869,0.46505451027675315,1.6673026950616259
47.871899366378784,0.03276966068096465,0.7729651217252822,0.16634869091449933,0.6975204700791742
47.97362756729126,0.9694714543565042,0.6439503486408324,2.3217288841972783,0.0399074261027792
48.061392068862915,0.17374654487866592,0.6083983457875441,1.2767603253932247,2.7669419929448353
48.14516830444336,0.08967728267572994,0.2808154300889756,1.1640752736359232,1.389047464232743
48.232933044433594,0.7819760631913667,1.9092815036081183,1.35294762928739,1.0812074176342459
48.31571173667908,0.779766172331723,0.9948148336933815,1.9450489801572246,2.5045317738116917
48.40248084068298,0.2962514303084628,1.7588524283421878,0.010618987437573058,1.7988876865882277
48.48426079750061,0.9800615501468244,1.9144791201801756,2.815170756136176,1.0062543879622905
48.571062088012695,0.2237529506301702,1.1199138014105117,1.8329421608606489,0.6621988844690399
48.65480446815491,0.7223314145613569,1.8874145067724688,2.4173835744056866,1.6705429667099172
48.73658561706543,0.6385442549749706,0.19541003019528325,0.6935425385410325,2.9492811712037668
48.81936454772949,0.5895407050866818,0.18052473389218182,1.1400955788010885,0.03743412798948009
48.90114617347717,0.9738690538584163,0.8946213720463592,0.10039426121333805,1.554267675398779
48.980931997299194,0.6483087412053984,0.8698184039620973,0.21553457485998762,2.732299929638621
49.06271290779114,0.9070205079022985,1.8073678883809894,2.215386852157127,3.8367369418066857
49.14748740196228,0.33123112023978096,0.7840009987978083,2.196171088901786,3.0989676550237477
49.228270053863525,0.5901384352561359,1.1418847489188875,1.4100352829649683,2.4115859670107094
49.309054374694824,0.9286272925873846,0.490354536249217,1.7619005731052746,3.143656535008087
49.390836000442505,0.08459480026525623,0.31825912102172427,1.4560750854717723,3.6328278342622347
49.470622062683105,0.09386254331496913,1.4776734669335427,1.8770393686437616,0.19500425472720595
49.55439782142639,0.5095367507891817,0.977349921020858,2.707801012222509,0.1996658687988333
49.63617968559265,0.5350675153222239,0.29541650883966386,2.2089224838368526,0.5900242608566941
49.71596693992615,0.8249610314760194,0.06458950079656156,0.7887979791638586,3.702376887401154
49.79675054550171,0.02707913681554075,0.5252712090841112,1.1650959937804144,0.4471748154672506
49.87952899932861,0.6673990951821572,0.8814785173309889,0.47919006684748267,0.8169486706989963
49.9613094329834,0.4065220317435888,0.5262525639861824,1.3237778103157178,3.5788992469458303
50.04209327697754,0.906239481299164,0.07829302165701835,0.4457654800211015,3.8647798622595744
50.12387442588806,0.21616586458911202,0.22275375771856365,1.7425487299054694,1.3124087050472517
50.20366072654724,0.7027213759690999,1.5175051878035672,1.7099515694521172,3.382579136714069
50.28344798088074,0.7517063221015309,0.49120970802412334,1.1620638901677895,1.1879339274596377
50.36622595787048,0.0457402844364343,1.5012598836269453,2.5368140794596563,2.0067903979435466
50.44900441169739,0.3142702069806187,1.0898116865705254,1.5218693802773329,1.225289946630638
50.5357723236084,0.34288201347727776,0.5842317003089617,0.7625159706690459,0.7654288744734585
50.61755347251892,0.41558395013330685,0.965331690108352,0.9577212642631724,3.7278653335332983
50.69833755493164,0.6813635775034725,0.9933126478313901,1.5203892242354138,3.8573721895706496
50.77912139892578,0.4367600751738545,0.9925230674388776,0.43402572296837516,1.5334191739394671
50.860902547836304,0.9201683327619877,0.8832170087436755,2.2817505933214823,3.742115523197186
50.94368124008179,0.4449801373476866,1.6774701306013822,0.8951831433096458,1.2172391128598754
51.02645945549011,0.9723165803527448,0.78264709925089,2.7402902790144097,0.33612239000934974
51.10724353790283,0.9082776752881102,1.8055676433698866,2.0363505019641717,3.1457053682637572
51.189024925231934,0.5681850157468638,0.30826298637995153,1.798120351090059,1.645237322987735
51.27180314064026,0.47620892541371407,0.7499918532115113,1.1853858972259057,0.753175071752346
51.3515899181366,0.18021350201719433,1.6360015099448861,1.2561632139559018,2.861741165583957
51.432374000549316,0.18356045346985717,1.1878457264801674,2.5126077490563543,1.678755088434278
51.51714754104614,0.6784258879429245,1.0726306292435637,1.459422935864678,1.489710427798669
51.59793138504028,0.5726008970561884,1.2231122075618552,0.9322990917973425,1.0060021391728475
51.67775082588196,0.1791733291016745,0.9033688321205005,0.7063560376773849,3.9033321207574616
51.758501052856445,0.5509170371096066,0.8915974616475342,0.22226916088387771,3.1053531831612062
51.84028244018555,0.12426705935269922,0.2778801037996277,2.700690475903213,0.1703703437351276
51.92106652259827,0.8997400383061138,1.9401696391842482,1.332108030037276,0.37905242559875285
52.00384497642517,0.19289782841374892,1.7808748676971309,1.489098724275276,0.4220732739833979
52.08562660217285,0.19660003598149267,1.0601876430777157,2.324612519385505,0.6611009939077577
52.173391342163086,0.64426170517763,1.034315098245576,0.8688508586846749,3.589470714305442
52.25624203681946,0.33909943175744206,0.7389210619658095,1.4403019541899469,1.2134829114255359
52.339985609054565,0.42599901236536397,1.8243230074903827,1.4864310856335692,0.8545999773843014
52.42180109024048,0.28499445028227055,0.13733649214449706,1.9478352389355913,1.4764228744907033
52.50455331802368,0.1554407067739777,1.7863745167350213,2.225446456686257,3.8598776372776125
52.5873236656189,0.01393627922791496,1.9616429870490082,2.2565273451104044,1.612288946357468
52.66814064979553,0.09697566854762052,0.5386371717438454,2.144815092563678,3.3865883635185017
52.74988865852356,0.9371372626137924,0.40828463239232193,2.770722168193638,3.2609744979204964
52.83167004585266,0.3852981824990278,0.22939945334176803,1.0104619510948885,1.1797575526782902
52.913451194763184,0.34107183131615226,0.1549548655616706,0.18489268394231062,1.5371253430752012
52.995232343673706,0.48433858088660686,1.524984899471572,2.788762386930103,1.826630352832436
53.07903790473938,0.3018593961919097,1.5290577641178287,1.583383539904966,1.531547690136415
53.16079044342041,0.48430534874138065,0.6543774479390803,0.15864290001460923,1.6267319161474134
53.24260330200195,0.7456449245573995,1.4253551098020303,2.606631791101514,1.3535753268083437
53.32435202598572,0.557157546019868,1.7173624571251471,1.029067880385433,3.4380166801128946
53.40614557266235,0.5019724922452496,0.6920482939837649,0.018979613365807446,1.7276452931832056
53.48894810676575,0.9611971044990673,1.748206717482977,2.1293773231331135,1.152071975737723
53.571722745895386,0.49796763655255527,0.689802479718286,1.0532173858474563,2.6774653781117785
53.65347218513489,0.9723223605108653,1.4663832517862327,1.7489993381742326,0.7339431560615406
53.73625087738037,0.6113134542961671,1.2149797552336354,0.17809900508314613,1.5920902172686069
53.82002568244934,0.3803501805436512,1.0399605319879694,0.07937208452881062,3.6899241376828855
53.906795501708984,0.6645833738936782,1.914209735393772,0.47075531176070406,2.2006754861586675
53.993563652038574,0.3559297303584754,1.9240814614423511,0.7284366455714117,3.8034545007131966
54.08731198310852,0.8663992771746125,0.003878465118702046,1.2605096631380701,2.7688296389802542
54.179099559783936,0.14706729045061784,0.09235744416288827,2.013338581817839,0.5339404226352258
54.2728157043457,0.09432374419204337,0.3015208013323336,2.1404327214467656,0.969237188345665
54.364569664001465,0.9661303684475201,1.657908086529182,2.5465865075828096,3.964266609592005
54.45835304260254,0.4333358142451693,0.41107327355059886,1.9017657697231476,0.37897390814096266
54.55206775665283,0.333524238079972,1.1548237374388903,1.3469523067958598,3.350087448594891
54.64382195472717,0.48743721453356814,0.8544430351525627,0.06403845561266719,3.637704775299279
54.73657584190369,0.40780968499959147,1.0510035244292621,2.993116273778697,0.8411419599047871
54.82237768173218,0.6139693545662674,0.012645444824567198,1.6613154620726687,3.526106908557018
54.90711760520935,0.44272270699991045,0.1593133194050007,2.9024805381146437,0.4231609602201236
54.98889875411987,0.8566196767590566,1.9981288969088262,0.05181191377978467,3.880426656997376
55.07270812988281,0.08721672979321005,1.029251958145144,1.9224048674629368,0.9631498675573624
55.19342637062073,0.7921925706773049,0.4432802460455938,2.8703902664315057,3.2406182911606067
55.27720403671265,0.1268258978086908,1.6850020097821325,1.9839682840136104,3.895823211070734
55.36297607421875,0.15976139135880885,1.0663112405703434,1.7922080916152456,0.10565611206855507
55.44376087188721,0.6106788912803406,1.9426203838199263,0.8492413114639105,1.1612967338975686
55.52653741836548,0.8128425521580013,0.887579693744625,1.2003514898191,2.7050611523398223
55.60832095146179,0.925441913761306,0.2545254260639045,1.9646433012330193,1.689413363732915
55.68910884857178,0.15923960685149974,1.1806688863483727,2.913411580438245,0.6177482020776002
55.77188181877136,0.09569056409008303,1.9313052380167255,1.6949869190341613,2.1547228195502135
55.85366201400757,0.5416723566459609,0.32586280180101324,1.629864713288177,2.605260789779795
55.93544578552246,0.5084884974550767,1.880506938143682,1.8395696729036877,1.7614621041768697
56.01719331741333,0.18868855942631413,1.7902073299286638,0.09043561288149415,1.6449745693945985
56.10099244117737,0.3876408952756586,1.0433754427533848,1.9588071637137698,1.8547851910129047
56.186739683151245,0.7665772315105058,0.250031623293703,0.8325558054187236,2.614465738285878
56.26955032348633,0.8408623480824892,0.3528169981849898,2.2402079930718397,2.0296814521544007
56.37726402282715,0.5677036709197728,1.665531513372401,1.4834010486388518,2.543348151432574
56.461037158966064,0.4622977765792814,1.9991639438909317,1.6727793461890175,2.0758932559840932
56.545778036117554,0.030738192462077762,1.015076888971256,0.20302324456236487,3.438202250012174
56.629554271698,0.9992517899879627,1.0349608477070298,0.971225058936715,3.765284858285356
56.71133518218994,0.860275406566675,0.3326044027886843,1.1508201201019657,0.9709218184328527
56.83304238319397,0.7222357614310535,1.45617963737036,0.9426240933282153,2.073534789822913
56.916786909103394,0.030748749702146805,0.27667881929660365,2.7593529237100545,3.318497147640017
57.00155973434448,0.8443602506958519,1.410045991656771,0.10435375047786377,0.7311015928693427
57.08437204360962,0.013024731184741123,0.4446931247515249,2.6523639535102976,2.315116697784408
57.168150424957275,0.06929569764112165,1.4048414555823632,0.12548758353661538,3.0402031028865464
57.2549204826355,0.09549185497657575,1.2481536346539766,0.4242756088003745,2.1006061627148847
57.340675830841064,0.8546377552827844,0.6067461194118238,2.9118939491817817,2.7031233254887437
57.42644691467285,0.1800521118389311,0.16579667474184823,0.42324781356146146,3.067748809139723
57.51222801208496,0.9716871161757501,1.4551792209572902,1.1148651219565924,1.0128363014205939
57.59799766540527,0.3716211250879944,1.0002159923553076,1.6964333606654631,0.3434349012622171
57.68276596069336,0.6971017418390513,0.4916265714004324,1.823369692355787,1.5579820830644868
57.76950478553772,0.7425229284657134,1.0071761786508484,1.0871306312085292,3.56635492493118
57.85929822921753,0.5836469243375136,0.5261818993823435,2.5662835563261117,2.85137169825355
57.946062088012695,0.5525703204047291,0.9260805068232743,2.5155172076352215,0.09704776834620521
58.03182077407837,0.08201531589907973,1.7356405306297724,2.831622466499484,3.6207728486390294
58.118571519851685,0.3925470169491362,0.29262842756657226,2.5056648379782707,1.7934459196902957
58.20537495613098,0.288054184302197,0.6182518256051388,1.2625177528546752,0.7547812020381217
58.29410099983215,0.046036863072560164,0.27962901838154575,0.29968946230765725,2.683586061740586
58.37987208366394,0.08565523031417321,1.588378246780606,0.6316835329031919,1.65753738206921
58.467670917510986,0.7239864261719607,1.707864677952674,0.2800878009107607,2.3116814697948826
58.55542850494385,0.7556718323710429,0.1908340922975913,2.9705501171591506,2.3616420272478176
58.642202615737915,0.7917247012808791,0.4996321856125314,0.33395203171401855,1.5747002220804074
58.728938817977905,0.5192552600253976,1.8002952776555954,1.4326434123123337,1.8177772815041142
58.816704750061035,0.27012782607572616,0.15526076149722234,0.41844754366881975,2.1915859873503805
58.9014790058136,0.37588569881498235,0.4968344928915871,1.6708167686596176,0.5743035457797276
58.987279176712036,0.4088784745699775,1.0278398965586621,0.7726844077898278,0.33476246320832237
59.07105231285095,0.22945363931626683,1.8307598233154239,1.2958218960786154,0.8172395129607772
59.15682530403137,0.6917008535537165,0.3232462338817623,2.1040438325622057,2.0662694366520515
59.243595361709595,0.24564904008428656,0.2762826460854837,0.8961337487941355,3.3522946342386297
59.32736873626709,0.6092926381126891,0.06342227958402136,0.33307913767053965,0.8781786153798778
59.412142276763916,0.6169525534659324,1.0881482576114725,2.956789560322134,0.9432730111797341
59.496917486190796,0.45916751190715566,1.4532378324179058,2.737213919058012,3.725367500494178
59.586678981781006,0.7955980019444239,1.2994113014906088,1.500069341203504,3.9366536534842083
59.67144846916199,0.3688158265973679,0.7041830295392866,0.06497840991642523,1.4960705060455473
59.75721335411072,0.6992470497147866,0.6009274652319327,1.8274047459072151,0.3207793941221828
59.84497380256653,0.521959532694928,0.4309484801136736,2.497457697298849,1.4592567500950322
59.9317524433136,0.9540510582085178,0.06594209701771558,1.9831343162688375,1.4488455300147272
60.01752519607544,0.40711799550906314,1.6774952919221884,2.569731584950196,2.5066476382556155
60.10329747200012,0.12078780523953658,1.7845345185550856,0.46436074866936505,2.1895051855452294
60.189056634902954,0.8871051758978995,1.6477551985319214,0.833265217395289,2.3011934028717627
60.27682948112488,0.2542842274798688,0.12112430224454429,0.7723513074808598,3.917930131910684
60.36764597892761,0.5342609286153299,1.1676460695792286,2.9027167892571906,0.9189560038814699
60.46438384056091,0.59813619493207,1.130668245292844,2.4535022802483795,1.1789698224111622
60.561123847961426,0.7574624176820086,0.2077287946750963,1.2350439328892682,3.5314840650098343
60.653886556625366,0.111585676147959,0.04602317003752798,2.090604283008573,0.6543216268732515
60.746628284454346,0.3006274075794664,0.5325398168947786,0.631953640760192,1.405246298013298
60.84639358520508,0.835535714830708,0.6275918748206719,0.49526171575937106,1.4098113030651809
60.95108079910278,0.11200729492288575,1.1070383430096982,2.9526319117564466,1.091039921105906
61.057796001434326,0.4553317035718306,0.9044261429157847,0.4374504518746335,2.687873816902918
61.154608726501465,0.10253724821540344,1.403812365261356,0.09485398314336269,3.880880830173874
61.24539852142334,0.5686466800851946,1.5332686077574231,2.229328040394373,0.18427973181056023
61.34111022949219,0.6346291760336121,0.3933202541695944,1.3140505786446055,0.07684749041239591
61.43785214424133,0.5726511839348905,1.2964570812241816,1.5198804671357145,3.478654082051892
61.53259992599487,0.13734884561896576,0.43224968862836444,0.3722548186299057,0.7805959714861124
61.62139296531677,0.5051275616838552,1.3060011634121087,0.7923134784419742,3.6335959496867596
61.70713210105896,0.8286255457315914,0.08516616837330071,0.5267955936886362,3.5433684124365863
61.793898582458496,0.8053925724279515,0.18337109773783267,1.2016972748966226,3.6929289077963396
61.88365936279297,0.7894664445755029,1.577492000984337,2.873453766173656,3.1308524417572556
61.99037313461304,0.5575919875084043,0.8475269116496171,1.3009948456753768,1.0863896346328166
62.0871479511261,0.2090287337873643,0.1783999499886071,2.4493414692277646,2.172873177809765
62.186848878860474,0.5209732925538403,0.7251054041395526,1.3822160806165509,0.8453829162081123
62.290570974349976,0.5101777416617825,1.5171371188971636,2.649808886126569,0.4786507453842197
62.3942928314209,0.8258370468452559,1.9681703475506283,1.283005162710597,1.730362192539873
62.49801540374756,0.13342091200623163,0.8848316422114146,2.4620193340492387,2.9695778439633553
62.60173988342285,0.7219895691509255,0.24608028375685254,0.9817898215676149,3.2254350744757816
62.697481632232666,0.7995848946182668,1.0596835361479826,1.5862509002584901,1.9495767772574673
62.78823900222778,0.7947439832909033,1.052376443819523,1.5330259339984984,3.358381182716281
62.876004219055176,0.9744505477439764,1.9262326629979818,0.4748270535307343,0.8229254299288788
62.96476650238037,0.8904080295089272,0.7914469937227795,2.109773812896095,2.192774555802072
63.05160737037659,0.45267851006752313,1.8844420295720217,0.25422445282069794,0.7276375997877906
63.137882471084595,0.9941903965998964,1.395156374110493,1.8024295901563738,2.5322777784259802
63.224650382995605,0.5379940405254314,1.4360885687020792,2.290126376482747,0.49290817783929874
63.312415599823,0.4184925633704344,0.11160415679870184,2.7407688818578473,0.816713252991657
63.4041702747345,0.19467018579187723,0.34400905106727975,2.0501754562995047,1.3327580438928486
63.49193572998047,0.2655545944691844,1.7384231047667398,0.012680134705454926,3.0287244080451456
63.57970142364502,0.8880719333393167,0.39728608710214774,2.590040392052861,0.9339951839132046
63.667465925216675,0.8066124422667934,1.048808338668362,1.00267727338941,2.5220224508403883
63.75622844696045,0.7806150223312881,0.9428928580405767,2.0461120785102036,2.1161501632244186
63.84399366378784,0.06147534525909559,0.5138716505027887,2.0875177417950948,1.5340418200796586
63.93475127220154,0.6008758366397279,1.540192513816632,1.7779350140062835,0.002541220901507213
64.03248929977417,0.8201016979371543,0.0611810423200696,0.11031150561545922,2.2513213722133134
64.12225008010864,0.2717039392154401,1.4615079385601522,2.1230634107774766,1.5757507580562229
64.21200919151306,0.42256892311960803,1.673276658009852,2.5884897390991313,2.129800766935126
64.31673002243042,0.2852533241444548,1.7379525061246517,1.4473972974396285,2.4386421304497796
64.40449476242065,0.8749651811075018,1.095590462302166,1.157599383837924,0.7646112668774037
64.49126195907593,0.8902190274514243,1.3566644332976026,1.7616154553129872,2.717459697389774
64.58301639556885,0.3590692062503448,1.7711463694037712,1.446256055324564,2.564011603875686
64.67576813697815,0.12315528249447494,1.110258504229802,0.19977241345094754,0.6374799504178141
64.7625687122345,0.4785074691926896,1.740499480521822,0.8009173148238914,3.884549960759547
64.85032629966736,0.3804749688340896,1.3081646665146651,2.0475395714322375,1.2961914662899767
64.9360728263855,0.20570965007182518,0.5351745799630323,0.596118546860069,1.5874646128714676
65.02187466621399,0.42147871650135693,1.0773955826296189,0.9604631348620768,0.008701983740360575
65.10764503479004,0.8756480964571619,0.23216123730854688,0.6704091766819031,3.102296129861776
65.1954185962677,0.29130979197953566,1.8649477881426761,1.1479282209646215,1.4088255724257892
65.28414177894592,0.789201030494601,0.21964054965111623,2.271078019764515,3.4669628139573447
65.37193894386292,0.7534377066507562,0.7748192241490361,1.0388488455756884,2.0767550895150384
65.4577088356018,0.1602543685314497,1.8296647798315067,1.6280879628675844,1.3871762342887717
65.54547476768494,0.7062662747841539,1.0659365315487845,0.20573891814042666,0.269334118680594
65.6332221031189,0.5152716437706801,1.4878425108619235,1.8408866245182747,3.9082902314827677
65.71801257133484,0.7109900369138934,1.7321014514233484,0.506581435421096,0.8756868588715063
65.80478286743164,0.7950212308599205,0.25432028213503877,0.19336642578477203,3.4420485502678937
65.89254808425903,0.3867503889291102,1.3609176348819112,0.5501462752257593,3.763281089606487
65.97931623458862,0.006484997642378532,0.838695953252887,2.6617850901886237,1.4075679281722722
66.06605005264282,0.7001187595322809,1.1229001519535529,0.8369282713359587,0.876942280438664
66.15481162071228,0.06326738257014786,0.9493473757174637,0.1563933095391088,3.298226541634707
66.24157953262329,0.2764611850281382,0.07781336878361067,1.425526711418905,1.0618153019939025
66.32837963104248,0.9048993676582764,0.6084277318898137,0.6635018955356903,2.353232368749545
66.41611456871033,0.6847301145125422,1.1777593068109655,1.5894105685124882,1.95122839139992
66.50291323661804,0.7132439295785215,1.1606896132969258,0.4367123027111347,2.696931936874843
66.59067845344543,0.600504549508796,1.826157393646193,2.1498511764192787,1.5778910100278813
66.67744588851929,0.3964659899287506,1.17451628461385,0.029288680836608516,2.4241976659603273
66.76717329025269,0.09561706208621557,0.9276504844706783,2.711508206666994,3.9793671514426485
66.85597157478333,0.823572278826242,0.7075051036173909,2.1219954996873414,3.2448327705994418
66.94473052024841,0.09691160919363406,1.7067242159049643,1.4446676058790495,3.1972924730590266
67.03349089622498,0.3683627611222525,0.5713750440545211,0.6297959003030783,2.845561937341047
67.1222574710846,0.5151352952592179,1.4591266112757968,1.5960604905826807,0.28001562575485295
67.21397805213928,0.22176597809400533,0.13970965684839243,1.0516270624453132,0.44563222172636685
67.30274033546448,0.12951060856624075,1.8432150408259518,1.3090508173740811,2.840307361917967
67.3915274143219,0.9858529001682012,0.653411188203773,2.0484532310658397,2.035108198159727
67.480295419693,0.961888628952156,1.4421384828353634,1.3084110624240828,0.5019282924396045
67.5690290927887,0.731149270098431,1.624096762533369,2.8771904841102716,1.056652065097277
67.65782284736633,0.8213805862624061,0.3030531969921879,0.8904910034770346,3.0154706702891256
67.74658584594727,0.7569878970830828,0.4602805087508379,1.4366177625450347,2.0756448236833918
67.83631372451782,0.317930128142466,1.1564590935960168,1.2726590386989645,1.9663387856829924
67.92610502243042,0.8087897831135431,0.5178603864396352,2.9112213202197266,0.9263912498410023
68.01684546470642,0.49016889896955984,1.9700379342710668,0.044859645220885036,3.5442104037418796
68.10562491416931,0.5214762529103832,1.7075575438986312,0.19307761982270466,3.7613064551244157
68.19438767433167,0.08812814216675147,0.8280493550255497,2.865950645682598,2.49439422646631
68.28411531448364,0.01754642481528157,1.2056817142815488,2.9219549601123176,0.46222197795636655
68.37789678573608,0.8006459308915082,0.7560735471564513,2.7105313780696108,1.1484700663635228
68.47561168670654,0.8449681642936295,1.5387496148974629,1.2447414708615847,3.7643575574041153
68.57135534286499,0.8490171010819785,1.53283697638857,0.8279099354747603,2.4703801031055717
68.66610217094421,0.32796132825122537,1.6407995893167255,0.9612605477496128,1.8805309726463149
68.76084852218628,0.0317983019355953,0.24786942358774433,2.156372375350625,3.74128411580291
68.85559487342834,0.17606708689913553,0.09787290920859015,1.3571148236897699,0.7854650173917177
68.94934391975403,0.06673302545550952,1.839637382958911,0.976456762989698,0.5338224041443866
69.04409050941467,0.771612367080613,0.8773144876168246,2.9356990557925307,1.1855673774547424
69.13783979415894,0.9777966833613192,0.8199302325233444,1.228055812260382,0.059912282029789043
69.22959327697754,0.4280022994204721,1.9668686698862885,2.5878716734104463,2.3325383033468623
69.32334327697754,0.7434391691647129,0.9522559531148647,0.12626645716404827,1.6879484692876852
69.41709280014038,0.21370558228467595,0.33213996204359053,0.3250663022827043,3.1100896534722358
69.51283645629883,0.7758460015682246,1.3769003540979061,1.9925381369386606,1.372124193818351
69.6075828075409,0.42329941274038896,0.6643667209645672,2.378590254392259,3.1361816609652764
69.70133233070374,0.8516409263579934,0.35210810863469244,1.9148828292890359,3.5995286655271257
69.80206322669983,0.48001564050517154,0.09753316444743088,1.257180077895392,0.48615521622167446
69.89381718635559,0.883915749245961,1.3003023644711589,0.2135067673668044,1.121217771374218
69.9915566444397,0.9377010714101861,0.5641728894315747,0.9994687102017198,0.630891503465977
70.08729982376099,0.12932150653567687,0.4874987053830788,1.420822760970467,3.631950762448433
70.18404030799866,0.7896842977295317,0.3258522381525333,0.5722385211646887,3.9744836363806613
70.28477048873901,0.895791244280787,0.32499897378387055,1.4681502919208054,2.1752671688218417
70.38450527191162,0.1454690594791932,0.7294866414062025,0.5277206421128219,0.7517629534595671
70.4852352142334,0.09199437843309022,1.075611498062435,2.42575330668483,2.7999572972075777
70.58197474479675,0.12458269220143658,0.11456858422167326,0.05159761414340169,3.4207191445739715
70.69666957855225,0.341431293085918,1.792925945445012,2.9886765038319316,0.3257315865336019
70.79141592979431,0.9410436466257912,0.5098810810394152,2.96891351188053,3.958331075941414
70.8871591091156,0.23552327859060984,1.8046655729984251,0.5213765018454514,1.2215321580092287
70.98290371894836,0.28285208605678824,1.7715674589262334,1.853350957737753,2.2943310157170655
71.07765030860901,0.6995647008665905,1.9797199309479971,0.8503069398643908,3.578756503203361
71.16940474510193,0.19950043252991922,1.7411490420299836,2.9788209153519323,3.4914731965137404
71.26415085792542,0.8014181437455219,0.14209275722250014,1.3126126070631043,0.12573827938931892
71.3588981628418,0.9961107814564764,1.4065176753471111,0.4617215845900974,1.1973450333670503
71.45464181900024,0.5952695051248069,1.7700674567262709,0.8600399934531511,1.1575511539151724
71.54938793182373,0.49639872055737044,1.220283050640472,2.3089846785078056,3.701555691389239
71.6471266746521,0.9826501835885725,0.022018883036966086,0.7154893163146787,2.5204133945588385
71.74486541748047,0.9012532194836521,0.2639585558164157,2.171093923531917,0.7193873395243284
71.83961153030396,0.07267398562427796,0.4066971384176692,2.511183005102364,1.6975714589408897
71.93535566329956,0.10617861296018194,0.6599215699042873,0.23174661974525235,3.9642952394681155
72.03010201454163,0.4150534893647333,0.5239864810809436,2.3399408800151456,3.9002106917719903
72.12385177612305,0.3387624206611485,1.7115815975326627,1.3950864316944311,0.7966993018836868
72.21959567070007,0.3951326313906779,0.63340945328366,2.8841324135692084,1.261357065205261
72.31533885002136,0.07826678569798118,1.3841516773373976,1.6728291848813308,1.137953034898159
72.41208004951477,0.5020234342885624,1.255748840235795,1.5621125890153444,0.596846584667238
72.50682616233826,0.3964291845774782,0.8044919490422282,2.7276157262999705,1.677943389622449
72.60257172584534,0.738789199270567,0.40664019172961474,2.190764768315998,2.0416027254133255
72.69831418991089,0.9253817453090992,1.6286415381743464,0.08020599123911465,2.2355540286410793
72.79206371307373,0.17114610954346576,0.3960646715026048,0.6018164945730561,1.0269534247815928
72.87883162498474,0.9270584688998997,0.21573161384894113,1.7395764010652854,3.7570198814201747
72.9735779762268,0.9841432289589728,0.9753274785203678,2.902793599614897,3.6991454937545756
73.06034541130066,0.11588566928709176,1.6821473919090122,0.5444646523118392,1.3577650234319236
73.14611625671387,0.2522317876034853,0.18021056141726066,2.4089097629926632,0.6409799825488536
73.22889494895935,0.0381463814780898,0.026391675674430237,1.5188414798046577,3.494096371435225
73.31067609786987,0.1270331887961238,1.4681922309259823,1.3733389493014818,1.5422899216921389
73.39943957328796,0.11809570863690844,0.9259731203161781,2.796328784917294,0.611899967258966
73.4872043132782,0.47863873876404694,0.31441208968239454,1.718182545940038,2.957723362525607
73.57204031944275,0.4597627090935026,0.6060670351061186,2.9504955973062077,3.567717125363267
73.65581798553467,0.8258590922336188,0.24964051230418538,1.6790993504817118,2.1754022529300245
73.73859143257141,0.09250346852084879,1.0357426653049355,0.18717670621785454,0.8635247992584061
73.82233929634094,0.9984334522077127,0.7375420050197168,2.2771211910687588,0.7523510421105968
73.9041519165039,0.7560501713243243,1.6593912643699689,2.7325273716827785,3.355240760342627
73.98590517044067,0.2116582200136914,1.381886314830596,0.3378406922978707,3.824824403462031
74.06867957115173,0.3272763951302483,1.3527587217541293,0.004436815665186944,2.791886387594533
74.15149021148682,0.9936369349553166,0.6893792618180947,0.8268822743392127,0.8982747269325388
74.23323941230774,0.32184043667524076,1.6410942474357442,1.2476266445896815,0.02054912945570475
74.31505274772644,0.16542847017884865,0.6385659784447406,2.9413624595319066,3.0585949977283984
74.39782810211182,0.5454780792104607,0.12173003804213689,1.1076505743023541,2.775373380572529
