# 20191023-155404-t,V1,V2,V3,I
0.000592708587646,2.988768,3.19352,3.194284,0.0
0.491180419922,2.98915,3.19352,3.194284,0.0
1.49383282661,2.98915,3.19352,3.194284,0.0
2.49638986588,2.98915,3.19352,3.194284,0.0
3.4988257885,2.988768,3.19352,3.194284,0.0
4.50178003311,2.98915,3.19352,3.194284,0.0
5.50454735756,2.98915,3.193902,3.194284,0.0
6.50728535652,2.98915,3.19352,3.194284,0.0
7.50990343094,2.98915,3.19352,3.194284,0.0
8.5126080513,2.98915,3.19352,3.194284,0.0
9.51536417007,2.98915,3.19352,3.194284,0.0
10.5181355476,2.98915,3.193902,3.194284,0.0
11.5203983784,2.988768,3.19352,3.194284,0.0
12.5234768391,2.98915,3.19352,3.194284,0.0
13.5261058807,2.98915,3.19352,3.194284,0.0
14.5288467407,2.988768,3.19352,3.194284,0.0
15.5315468311,2.98915,3.19352,3.194284,0.0
16.5342774391,2.98915,3.19352,3.194284,0.0
17.5368628502,2.988768,3.19352,3.194284,0.0
18.5396201611,2.98915,3.19352,3.194284,0.0
19.5422768593,2.988768,3.19352,3.194284,0.0
20.5449690819,2.988768,3.19352,3.194284,0.0
21.5473563671,2.98915,3.19352,3.194284,0.0
22.5500597954,2.98915,3.193902,3.194284,0.0
23.5530700684,2.988768,3.19352,3.194284,0.0
24.5557394028,2.98915,3.19352,3.194284,0.0
25.5578768253,2.98915,3.19352,3.194284,0.0
26.5605134964,2.988768,3.19352,3.194284,0.0
27.5635178089,2.98915,3.19352,3.194284,0.0
28.5662622452,2.988768,3.19352,3.194284,0.0
29.5689077377,2.98915,3.19352,3.194284,0.0
30.5716061592,2.98915,3.19352,3.194284,0.0
31.5743243694,2.988768,3.19352,3.194284,0.0
32.5773661137,2.98915,3.19352,3.194284,0.0
33.5798156261,2.988768,3.19352,3.194284,0.0
34.5823600292,2.988768,3.19352,3.194284,0.0
35.585041523,2.98915,3.19352,3.194284,0.0
36.5880665779,2.98915,3.19352,3.194284,0.0
37.5908913612,2.988768,3.19352,3.194284,0.0
38.5935595036,2.98915,3.19352,3.194284,0.0
39.5961961746,2.98915,3.19352,3.194284,0.0
40.5985617638,2.98915,3.193902,3.194284,0.0
41.6015546322,2.98915,3.19352,3.194284,0.0
42.6039321423,2.989532,3.193902,3.194284,0.0
43.6065077782,2.98915,3.19352,3.194284,0.0
44.6093773842,2.98915,3.19352,3.194284,0.0
45.6117286682,2.988768,3.193902,3.194284,0.0
46.6147842407,2.98915,3.19352,3.194284,0.0
47.6174156666,2.98915,3.19352,3.194284,0.0
48.6201276779,2.98915,3.19352,3.194284,0.0
49.6226119995,2.988768,3.193138,3.194284,0.0
50.6255011559,2.98915,3.19352,3.194284,0.0
51.6278829575,2.988768,3.19352,3.194284,0.0
52.6310417652,2.98915,3.19352,3.194284,0.0
53.6335487366,2.988768,3.19352,3.194284,0.0
54.6359057426,2.98915,3.19352,3.194284,0.0
55.6390583515,2.98915,3.19352,3.194284,0.0
56.6416599751,2.98915,3.19352,3.194284,0.0
57.6443483829,2.98915,3.19352,3.194284,0.0
58.647154808,2.98915,3.193902,3.194284,0.0
59.6494493484,2.98915,3.19352,3.194284,0.0
60.6524393559,2.98915,3.19352,3.194284,0.0
61.6552011967,2.98915,3.19352,3.194284,0.0
62.6578636169,2.98915,3.19352,3.194284,0.0
63.6604731083,2.98915,3.19352,3.194284,0.0
64.7450966835,2.98915,3.19352,3.194284,0.0
65.6670475006,2.98915,3.19352,3.194284,0.0
66.6696276665,2.98915,3.19352,3.194284,0.0
67.6720290184,2.98915,3.19352,3.194284,0.0
68.6752743721,2.98915,3.193902,3.194284,0.0
69.6776621342,2.98915,3.19352,3.194284,0.0
70.6804068089,2.98915,3.19352,3.194284,0.0
71.6828486919,2.98915,3.19352,3.194284,0.0
72.6858189106,2.98915,3.193902,3.194284,0.0
73.6884915829,2.98915,3.193902,3.194284,0.0
74.6912577152,2.98915,3.193902,3.194284,0.0
75.6938557625,2.98915,3.19352,3.194284,0.0
76.6965241432,2.98915,3.193902,3.194284,0.0
77.6993415356,2.98915,3.19352,3.194284,0.0
78.7019519806,2.98915,3.19352,3.194284,0.0
79.7046356201,2.98915,3.193902,3.194284,0.0
80.7076177597,2.98915,3.19352,3.194284,0.0
81.7100372314,2.98915,3.193902,3.194284,0.0
82.7973663807,2.98915,3.19352,3.194284,0.0
83.7161080837,2.98915,3.19352,3.194284,0.0
84.7188308239,2.988768,3.19352,3.194284,0.0
85.7215287685,2.98915,3.19352,3.194284,0.0
86.7241756916,2.98915,3.19352,3.194284,0.0
87.7265946865,2.988768,3.19352,3.194284,0.0
88.7295238972,2.988768,3.19352,3.194284,0.0
89.8063263893,2.98915,3.19352,3.194284,0.0
90.7354338169,2.98915,3.19352,3.194284,0.0
91.7383692265,2.988768,3.19352,3.194284,0.0
92.8144114017,2.98915,3.193902,3.194284,0.0
93.7447090149,2.98915,3.19352,3.194284,0.0
94.8227906227,2.98915,3.19352,3.194284,0.0
95.8287065029,2.98915,3.193902,3.194284,0.0
96.8359267712,2.98915,3.19352,3.194284,0.0
97.8358464241,2.988768,3.193902,3.194284,0.0
98.8438336849,2.98915,3.19352,3.194284,0.0
99.7647097111,2.988768,3.19352,3.194284,0.0
100.767377138,2.988768,3.193138,3.194284,0.0
101.770501614,2.988768,3.19352,3.194284,0.0
102.77280736,2.98915,3.19352,3.194284,0.0
103.776215792,2.988768,3.19352,3.194284,0.0
104.778139114,2.98915,3.19352,3.194284,0.0
105.781186581,2.988768,3.19352,3.194284,0.0
106.783810854,2.98915,3.19352,3.194284,0.0
107.786592007,2.98915,3.19352,3.194284,0.0
108.78926158,2.98915,3.19352,3.194284,0.0
109.791879416,2.98915,3.193902,3.194284,0.0
110.794743061,2.98915,3.193902,3.194284,0.0
111.797019243,2.98915,3.19352,3.194284,0.0
112.800046206,2.98915,3.19352,3.194284,0.0
113.802831411,2.98915,3.19352,3.194284,0.0
114.805424452,2.98915,3.193902,3.194284,0.0
115.808096409,2.98915,3.19352,3.194284,0.0
116.810484886,2.98915,3.19352,3.194284,0.0
117.813500643,2.98915,3.193902,3.194284,0.0
118.816159487,2.98915,3.19352,3.194284,0.0
119.818967819,2.98915,3.193902,3.194284,0.0
120.821634769,2.98915,3.193902,3.194284,0.0
121.82425189,2.98915,3.193902,3.194284,0.0
122.827049017,2.98915,3.193902,3.194284,0.0
123.829341173,2.989532,3.193902,3.194284,0.0
124.832298517,2.98915,3.19352,3.194284,0.0
125.835083485,2.988768,3.193902,3.194284,0.0
126.837785006,2.98915,3.19352,3.194284,0.0
127.840433121,2.98915,3.193902,3.194284,0.0
128.843201399,2.98915,3.193902,3.194284,0.0
129.845823288,2.98915,3.193902,3.194284,0.0
130.848531723,2.98915,3.193902,3.194284,0.0
131.851290941,2.98915,3.193902,3.194284,0.0
132.853906631,2.98915,3.19352,3.194284,0.0
133.856552124,2.98915,3.19352,3.194284,0.0
134.859580517,2.988768,3.19352,3.194284,0.0
135.861704588,2.98915,3.19352,3.194284,0.0
136.86432004,2.98915,3.193902,3.194284,0.0
137.866963387,2.989532,3.193902,3.194284,0.0
138.869758844,2.98915,3.19352,3.194284,0.0
139.872703791,2.98915,3.193902,3.194284,0.0
140.875525236,2.98915,3.193902,3.194284,0.0
141.877760172,2.98915,3.19352,3.194284,0.0
142.880515575,2.98915,3.193902,3.194284,0.0
143.883499861,2.98915,3.193902,3.194284,0.0
144.885881662,2.98915,3.193902,3.194284,0.0
145.888394117,2.98915,3.19352,3.194284,0.0
146.891312122,2.98915,3.19352,3.194284,0.0
147.894377708,2.98915,3.19352,3.194284,0.0
148.896991491,2.98915,3.19352,3.194284,0.0
149.899133205,2.98915,3.193902,3.194284,0.0
150.902418137,2.98915,3.193902,3.194284,0.0
151.905064821,2.98915,3.193902,3.194284,0.0
152.90750432,2.98915,3.19352,3.194284,0.0
153.910418987,2.98915,3.193902,3.194284,0.0
154.912822723,2.98915,3.193902,3.194284,0.0
155.915782213,2.98915,3.193902,3.194284,0.0
156.91850853,2.98915,3.19352,3.194284,0.0
157.921154261,2.98915,3.193902,3.194284,0.0
158.923597097,2.98915,3.19352,3.194284,0.0
159.926370621,2.98915,3.193902,3.194284,0.0
160.929306746,2.98915,3.193902,3.194284,0.0
161.931942701,2.98915,3.193902,3.194284,0.0
162.934626341,2.98915,3.19352,3.194284,0.0
163.937355518,2.98915,3.19352,3.194284,0.0
164.940073967,2.98915,3.19352,3.194284,0.0
165.942813635,2.98915,3.19352,3.194284,0.0
166.945439816,2.98915,3.193902,3.194284,0.0
167.94813323,2.98915,3.19352,3.194284,0.0
168.950942993,2.98915,3.19352,3.194284,0.0
169.953535318,2.98915,3.19352,3.194284,0.0
170.956219673,2.98915,3.193902,3.194284,0.0
171.958971739,2.988768,3.19352,3.194284,0.0
172.961595535,2.98915,3.19352,3.194284,0.0
173.964303493,2.98915,3.193902,3.194284,0.0
174.967071772,2.98915,3.193902,3.194284,0.0
175.969647408,2.98915,3.193902,3.194284,0.0
176.972335815,2.98915,3.193902,3.194284,0.0
177.975153446,2.98915,3.193902,3.194284,0.0
178.977138519,2.98915,3.193902,3.194284,0.0
179.979855061,2.98915,3.193902,3.194284,0.0
180.982418776,2.98915,3.193902,3.194284,0.0
181.985526323,2.98915,3.193902,3.194284,0.0
182.988191605,2.98915,3.193902,3.194284,0.0
183.990964413,2.989532,3.193902,3.194284,0.0
184.9935987,2.989532,3.193902,3.194284,0.0
185.996623278,2.98915,3.193902,3.194284,0.0
186.99938798,2.98915,3.193902,3.194284,0.0
188.002023697,2.98915,3.193902,3.194284,0.0
189.00469327,2.98915,3.193902,3.194284,0.0
190.007446051,2.98915,3.19352,3.194284,0.0
191.009694815,2.98915,3.19352,3.194284,0.0
192.012419462,2.988768,3.19352,3.194284,0.0
193.01554966,2.988768,3.19352,3.194284,0.0
195.022210836,2.98915,3.19352,3.194284,0.0
196.024856567,2.98915,3.19352,3.194284,0.0
197.027638912,2.988768,3.19352,3.194284,0.0
198.030352116,2.98915,3.19352,3.194284,0.0
199.032621145,2.98915,3.19352,3.194284,0.0
200.035662651,2.98915,3.193902,3.194284,0.0
201.037999392,2.98915,3.193902,3.194284,0.0
202.041066885,2.988768,3.19352,3.194284,0.0
203.043708086,2.98915,3.19352,3.194284,0.0
204.046426058,2.98915,3.19352,3.194284,0.0
205.04908967,2.98915,3.193902,3.194284,0.0
206.051810741,2.98915,3.19352,3.194284,0.0
207.054176569,2.98915,3.19352,3.194284,0.0
208.056745052,2.98915,3.19352,3.194284,0.0
209.059518814,2.98915,3.193902,3.194284,0.0
210.062532902,2.98915,3.193902,3.194284,0.0
211.065249681,2.98915,3.19352,3.194284,0.0
212.067453384,2.98915,3.19352,3.194284,0.0
213.070580721,2.98915,3.19352,3.194284,0.0
214.073321581,2.98915,3.19352,3.194284,0.0
215.07597208,2.98915,3.19352,3.194284,0.0
216.078537941,2.988768,3.19352,3.194284,0.0
217.081362247,2.98915,3.19352,3.194284,0.0
218.083759546,2.98915,3.19352,3.194284,0.0
219.086854219,2.98915,3.19352,3.194284,0.0
220.089125156,2.98915,3.19352,3.194284,0.0
221.091602325,2.98915,3.19352,3.194284,0.0
222.094996452,2.988768,3.193902,3.194284,0.0
223.097115517,2.98915,3.193902,3.194284,0.0
224.099786997,2.98915,3.193902,3.194284,0.0
225.10306859,2.98915,3.19352,3.194284,0.0
226.105283976,2.989532,3.193902,3.194284,0.0
227.107948065,2.98915,3.193902,3.194284,0.0
228.11105442,2.98915,3.19352,3.194284,0.0
229.113699675,2.98915,3.193902,3.194284,0.0
230.116395235,2.989532,3.193902,3.194284,0.0
231.119183302,2.98915,3.193902,3.194284,0.0
232.121796608,2.988768,3.19352,3.194284,0.0
233.200343132,2.988768,3.19352,3.194284,0.0
234.128156424,2.98915,3.19352,3.194284,0.0
235.130959749,2.988768,3.193902,3.194284,0.0
236.133289576,2.98915,3.19352,3.194284,0.0
237.135443449,2.98915,3.193902,3.194284,0.0
238.138544559,2.98915,3.193902,3.194284,0.0
239.141077518,2.989532,3.193902,3.194284,0.0
240.143954992,2.98915,3.193902,3.194284,0.0
241.147107124,2.98915,3.193902,3.194284,0.0
242.149363756,2.98915,3.19352,3.194284,0.0
243.152353764,2.98915,3.193902,3.194284,0.0
244.155101299,2.98915,3.193902,3.194284,0.0
245.15788722,2.98915,3.193902,3.194284,0.0
246.160436153,2.98915,3.193902,3.194284,0.0
247.163308382,2.98915,3.193902,3.194284,0.0
248.165842056,2.98915,3.193902,3.194284,0.0
249.168526411,2.98915,3.19352,3.194284,0.0
250.171309233,2.98915,3.193902,3.194284,0.0
251.173913479,2.98915,3.19352,3.194284,0.0
252.17653203,2.98915,3.193902,3.194284,0.0
253.179333687,2.98915,3.193902,3.194284,0.0
254.181962013,2.989532,3.193902,3.194284,0.0
255.18468833,2.98915,3.193902,3.194284,0.0
256.187413216,2.98915,3.193902,3.194284,0.0
257.190030336,2.98915,3.193902,3.194284,0.0
258.192712069,2.98915,3.193902,3.194284,0.0
259.195466757,2.98915,3.193902,3.194284,0.0
260.198073626,2.98915,3.193902,3.194284,0.0
261.20079875,2.98915,3.19352,3.194284,0.0
262.203426123,2.98915,3.193902,3.194284,0.0
263.206184387,2.989532,3.193902,3.194284,0.0
264.208849192,2.98915,3.193902,3.194284,0.0
265.21162653,2.98915,3.193902,3.194284,0.0
266.214226246,2.98915,3.19352,3.194284,0.0
267.216911554,2.98915,3.193902,3.194284,0.0
268.219521046,2.98915,3.193902,3.194284,0.0
269.222336531,2.98915,3.193902,3.194284,0.0
270.224810839,2.98915,3.193902,3.194284,0.0
271.227710962,2.98915,3.193902,3.194284,0.0
272.230441809,2.98915,3.193902,3.194284,0.0
273.233094454,2.98915,3.193902,3.194284,0.0
274.235701084,2.989532,3.193902,3.194284,0.0
275.238472462,2.98915,3.19352,3.194284,0.0
276.241137028,2.98915,3.19352,3.194284,0.0
277.243864775,2.98915,3.193902,3.194284,0.0
278.246547699,2.988768,3.19352,3.194284,0.0
279.248888969,2.988768,3.19352,3.194284,0.0
280.251919508,2.98915,3.19352,3.194284,0.0
281.254612446,2.98915,3.193902,3.194284,0.0
282.257296562,2.98915,3.19352,3.194284,0.0
283.26001215,2.98915,3.193902,3.194284,0.0
284.262750864,2.98915,3.19352,3.194284,0.0
285.265367746,2.98915,3.193902,3.194284,0.0
286.268045425,2.988768,3.19352,3.194284,0.0
287.270841599,2.988768,3.19352,3.194284,0.0
288.27341342,2.98915,3.193902,3.194284,0.0
289.276111126,2.98915,3.193902,3.194284,0.0
290.278885603,2.989532,3.193902,3.194284,0.0
291.280741692,2.98915,3.193902,3.194284,0.0
292.284196615,2.98915,3.193902,3.194284,0.0
293.286956787,2.98915,3.193902,3.194284,0.0
294.289618969,2.988768,3.19352,3.194284,0.0
295.292281628,2.98915,3.19352,3.194284,0.0
296.294576168,2.989532,3.193902,3.194284,0.0
297.297281504,2.98915,3.193902,3.194284,0.0
298.299859524,2.98915,3.193902,3.194284,0.0
299.303130865,2.98915,3.193902,3.194284,0.0
300.305773973,2.98915,3.19352,3.194284,0.0
301.308046103,2.98915,3.193902,3.194284,0.0
302.310733795,2.98915,3.193902,3.194284,0.0
303.312991381,2.98915,3.19352,3.194284,0.0
304.315850496,2.988768,3.19352,3.194284,0.0
305.318878174,2.98915,3.193902,3.194284,0.0
306.321227312,2.98915,3.193902,3.194284,0.0
307.324230194,2.98915,3.19352,3.194284,0.0
308.326426029,2.98915,3.193902,3.194284,0.0
309.329203129,2.98915,3.193902,3.194284,0.0
310.332078457,2.98915,3.19352,3.194284,0.0
311.334899664,2.98915,3.19352,3.194284,0.0
312.337825537,2.98915,3.19352,3.194284,0.0
313.340665817,2.98915,3.19352,3.194284,0.0
314.343043089,2.988768,3.19352,3.194284,0.0
315.345721722,2.989532,3.19352,3.194284,0.0
316.348741293,2.989532,3.19352,3.194284,0.0
317.35150671,2.98915,3.193902,3.194284,0.0
318.43841958,2.989532,3.19352,3.194284,0.0
319.357453823,2.98915,3.193902,3.194284,0.0
320.360546112,2.989532,3.19352,3.194284,0.0
321.363309145,2.98915,3.193902,3.194284,0.0
322.365357637,2.989532,3.193902,3.194284,0.0
323.368587971,2.98915,3.19352,3.194284,0.0
324.371232986,2.98915,3.19352,3.194284,0.0
325.374001265,2.98915,3.19352,3.194284,0.0
326.376690865,2.98915,3.193902,3.194284,0.0
327.379452705,2.98915,3.19352,3.194284,0.0
328.382089853,2.98915,3.19352,3.194284,0.0
329.384754896,2.98915,3.19352,3.194284,0.0
330.387555838,2.98915,3.19352,3.194284,0.0
331.389807463,2.988768,3.19352,3.194284,0.0
332.39281106,2.988768,3.19352,3.194284,0.0
333.395539522,2.98915,3.19352,3.194284,0.0
334.39827013,2.98915,3.19352,3.194284,0.0
335.400847435,2.98915,3.193902,3.194284,0.0
336.402775049,2.98915,3.19352,3.194284,0.0
337.406215429,2.988768,3.19352,3.194284,0.0
338.408946037,2.98915,3.19352,3.194284,0.0
339.411649466,2.98915,3.19352,3.194284,0.0
340.414353371,2.98915,3.19352,3.194284,0.0
341.416969776,2.988768,3.193902,3.194284,0.0
342.419711828,2.98915,3.19352,3.194284,0.0
343.422361374,2.98915,3.19352,3.194284,0.0
344.425107956,2.98915,3.19352,3.194284,0.0
345.427758694,2.98915,3.19352,3.194284,0.0
346.430457354,2.98915,3.19352,3.194284,0.0
347.433106899,2.98915,3.19352,3.194284,0.0
348.435808897,2.98915,3.193902,3.194284,0.0
349.438489199,2.98915,3.193902,3.194284,0.0
350.441196918,2.98915,3.193902,3.194284,0.0
351.443845272,2.98915,3.19352,3.194284,0.0
352.446579218,2.98915,3.19352,3.194284,0.0
353.448903561,2.98915,3.193902,3.194284,0.0
354.451313972,2.98915,3.19352,3.194284,0.0
355.455067396,2.98915,3.19352,3.194284,0.0
356.45767808,2.988768,3.193902,3.194284,0.0
357.460310221,2.98915,3.19352,3.194284,0.0
358.463139296,2.988768,3.19352,3.194284,0.0
359.465391397,2.98915,3.19352,3.194284,0.0
360.468238831,2.98915,3.193902,3.194284,0.0
361.471189022,2.98915,3.19352,3.194284,0.0
362.473389149,2.988768,3.19352,3.194284,0.0
363.476227045,2.98915,3.19352,3.194284,0.0
364.478873491,2.98915,3.19352,3.194284,0.0
365.481800079,2.988768,3.19352,3.194284,0.0
366.485180378,2.988768,3.193138,3.194284,0.0
367.487333059,2.988768,3.19352,3.194284,0.0
368.489934921,2.988768,3.19352,3.194284,0.0
369.492602348,2.98915,3.193902,3.194284,0.0
370.495382547,2.98915,3.19352,3.194284,0.0
371.497934818,2.98915,3.19352,3.194284,0.0
372.500657082,2.98915,3.19352,3.194284,0.0
373.503089428,2.988768,3.19352,3.194284,0.0
374.506049633,2.98915,3.19352,3.194284,0.0
375.508733988,2.98915,3.19352,3.194284,0.0
376.511522532,2.98915,3.19352,3.194284,0.0
377.514288187,2.98915,3.19352,3.194284,0.0
378.515991688,2.98915,3.19352,3.194284,0.0
379.518979549,2.98915,3.193902,3.194284,0.0
380.521432877,2.989532,3.19352,3.194284,0.0
381.524489403,2.98915,3.193902,3.194284,0.0
382.527178049,2.988768,3.19352,3.194284,0.0
383.529983759,2.98915,3.19352,3.194284,0.0
384.532298088,2.98915,3.193902,3.194284,0.0
385.534871101,2.989532,3.19352,3.194284,0.0
386.537891626,2.989532,3.193902,3.194284,0.0
387.540688515,2.98915,3.19352,3.194284,0.0
388.543384314,2.98915,3.193902,3.194284,0.0
389.546007395,2.989532,3.19352,3.194284,0.0
390.548991919,2.98915,3.19352,3.194284,0.0
391.551357985,2.98915,3.19352,3.194284,0.0
392.554408073,2.98915,3.19352,3.194284,0.0
393.556780577,2.98915,3.193138,3.194284,0.0
394.55978775,2.988768,3.19352,3.194284,0.0
395.562452316,2.98915,3.19352,3.194284,0.0
396.565189838,2.98915,3.19352,3.194284,0.0
397.567511797,2.989532,3.19352,3.194284,0.0
398.570510864,2.98915,3.19352,3.194284,0.0
399.573218584,2.98915,3.19352,3.194284,0.0
400.575638294,2.98915,3.19352,3.194284,0.0
401.578591585,2.989532,3.193902,3.194284,0.0
402.581287146,2.98915,3.193902,3.194284,0.0
403.583976984,2.98915,3.19352,3.194284,0.0
404.587087154,2.98915,3.19352,3.194284,0.0
405.58972764,2.98915,3.193902,3.194284,0.0
406.592280626,2.98915,3.19352,3.194284,0.0
407.595140219,2.988768,3.19352,3.194284,0.0
408.597823858,2.98915,3.19352,3.194284,0.0
409.712860823,2.98915,3.193902,3.194284,0.0
410.603833675,2.574298,2.576972,2.666742,0.0
411.606425047,2.593016,2.583848,2.662158,0.0
412.609200239,2.610206,2.602948,2.657192,0.0
413.611900091,2.610206,2.602948,2.65299,0.0
414.61452651,2.604858,2.613262,2.657192,0.0
415.616939306,2.598364,2.622048,2.663304,0.0
416.619971037,2.588432,2.624722,2.66636,0.0
417.622285366,2.56895,2.634654,2.665978,0.0
418.625328064,2.552142,2.637328,2.662922,0.0
419.627712488,2.604094,2.619374,2.661394,0.0
420.630773544,2.594544,2.63007,2.662922,0.0
421.63337326,2.592252,2.62816,2.668652,0.0
422.636053085,2.592252,2.603712,2.671326,0.0
423.638435602,2.592634,2.578882,2.671326,0.0
424.641461849,2.617082,2.587668,2.66827,0.0
425.644107342,2.610206,2.602566,2.669416,0.0
426.646920919,2.627778,2.596454,2.67018,0.0
427.64903307,2.621284,2.584994,2.669798,0.0
428.652225018,2.612498,2.602948,2.669416,0.0
429.654570103,2.610206,2.602566,2.67018,0.0
430.657576799,2.606386,2.614026,2.667506,0.0
431.659811735,2.601038,2.604858,2.668652,0.0
432.663111448,2.60142,2.604476,2.672854,0.0
433.665625095,2.597218,2.600656,2.672472,0.0
434.667953491,2.594544,2.644204,2.67018,0.0
435.671491146,2.590724,2.638474,2.675146,0.0
436.67402792,2.588432,2.632744,2.671326,0.0
437.676059008,2.588432,2.631598,2.676292,0.0
438.679099798,2.58996,2.631216,2.678202,0.0
439.681632042,2.58996,2.630452,2.678966,0.0
440.684757233,2.588432,2.625486,2.673618,0.0
441.686930418,2.583848,2.615554,2.67209,0.0
442.690150023,2.586904,2.58423,2.678966,0.0
443.692560196,2.585758,2.591488,2.686988,0.0
444.695244551,2.5785,2.58614,2.690044,0.0
445.697737932,2.576972,2.5976,2.690044,0.0
446.700588465,2.57659,2.587668,2.690044,0.0
447.703209162,2.580028,2.584994,2.690044,0.0
448.706263304,2.581938,2.592252,2.690044,0.0
449.708811522,2.576972,2.588432,2.690808,0.0
450.711680889,2.571624,2.603712,2.693864,0.0
451.714360237,2.57468,2.60333,2.692336,0.0
452.716664076,2.573916,2.5976,2.690426,0.0
453.719367266,2.565512,2.614408,2.690044,0.0
454.722378731,2.56513,2.602566,2.690044,0.0
455.725098848,2.550614,2.58996,2.690044,0.0
456.727088928,2.555962,2.60333,2.690044,0.0
457.730149269,2.556344,2.60715,2.690044,0.0
458.732396126,2.562074,2.605622,2.690044,0.0
459.735761642,2.557872,2.603712,2.690044,0.0
460.738493681,2.55367,2.60333,2.690044,0.0
461.740847588,2.560928,2.602566,2.690044,0.0
462.7438941,2.556726,2.599128,2.690044,0.0
463.746223688,2.547176,2.603712,2.695392,0.0
464.749254942,2.54794,2.60333,2.709144,0.0
465.751932383,2.54985,2.603712,2.712582,0.0
466.754705191,2.54221,2.594926,2.712964,0.0
467.757305145,2.54794,2.585376,2.7122,0.0
468.760010004,2.545648,2.585376,2.712964,0.0
469.762391806,2.528076,2.604094,2.712964,0.0
470.765484095,2.520436,2.594926,2.71411,0.0
471.767744064,2.531514,2.581938,2.711436,0.0
472.770851135,2.51547,2.585758,2.704178,0.0
473.773830414,2.51929,2.576972,2.701886,0.0
474.776395321,2.509358,2.592634,2.700358,0.0
475.779251814,2.514706,2.575444,2.69883,0.0
