# 20191030-181102-t,V1,V2,V3,I
1.4543533325195312e-05,0.9144051372261888,1.6768454055523958,0.4166058548120799,3.5372990090454666
0.07877016067504883,0.27092903937682633,1.461968599540308,2.027928674985737,1.9526312488345976
0.13648486137390137,0.2099225506565756,1.424704278984225,0.14402186592417976,0.9229800417098577
0.20190930366516113,0.12706382853543652,0.549860264613576,2.9979959139573773,2.859330379682354
0.2598843574523926,0.7461542678193128,0.16565964720813042,2.442249548529242,3.1119526900191654
0.3162252902984619,0.7516707679443665,1.3344804348467911,0.30590513644940576,0.4799933867958628
0.3729097843170166,0.5521093948863537,1.8621552237895795,0.5474909986978124,0.9147869686117782
0.42264890670776367,0.35360878784893324,0.5006128015625684,0.011411681485372416,0.3955326637981935
0.4747157096862793,0.47933212550172677,0.3876365177657708,2.025774648927137,0.9398504629497562
0.5298614501953125,0.031876134839483816,0.14481122492874876,1.4654414667962437,3.601124344351694
0.5846560001373291,0.9000018297359152,1.2524893048114178,0.8565042905399349,3.451411812371232
0.6408627033233643,0.10186573594792458,0.0010249274779232653,0.5141539700085319,1.0923906054398196
0.6978054046630859,0.830401629830168,1.2656362571126436,1.998531584897794,2.5035135136515567
0.7575790882110596,0.801689470329278,1.8570843643138195,1.615847586161847,3.0100703873834496
0.8093051910400391,0.12972650851859535,1.0582730978971902,1.5741900965061881,0.28605932111043986
0.8625826835632324,0.6295255373243155,0.24411517508541558,1.4724629039472041,1.4035302315485918
0.9151639938354492,0.3065561608057319,1.7706950693882308,2.4259113573294586,2.784057472950635
0.9677059650421143,0.28321523916103775,0.8203525367907918,2.7704499920899748,1.3607950272146199
1.0233378410339355,0.5248570454039643,1.0484251179074164,2.9620927183835,0.8104538851537342
1.0780503749847412,0.5971004822531091,0.1193977398418471,0.8161141361558369,3.013964499973799
1.1330251693725586,0.5778894614969389,1.4769135583285675,1.4101222001165872,1.1568745113865284
1.1879558563232422,0.8594437830800543,1.9747228885883705,1.0297562635136615,3.3706623895516294
1.245516061782837,0.5845408917731688,0.08961528254692608,0.12955597646456563,1.5105275143605574
1.303349256515503,0.3297609445028461,1.738216084800581,1.8537865150140624,3.24595983187557
1.3615057468414307,0.28909511943311694,1.9079970136484268,0.6983482049214086,3.053598030341462
1.4222891330718994,0.4370600965150243,1.8236556871817164,0.905975260086457,3.701189575956403
1.4825069904327393,0.7728904432021771,1.7451797761394725,1.6893402700283757,0.5916310912790381
1.5458695888519287,0.3703015736385533,0.0025376548082018946,2.0808142133490746,0.7526878373075632
1.603921890258789,0.17415078529997274,1.7398707302548861,2.353338367789136,0.6694390188985007
1.6624763011932373,0.3824219445916994,1.2925070144939383,2.2080376977404854,3.729581295259883
1.721484661102295,0.9894077329814241,0.967621428019674,0.809623710879379,0.2163201442493481
1.782965898513794,0.28528468511923166,0.8620018215898857,0.348660280789881,0.8631531073448042
1.8438575267791748,0.8000911038872371,1.3566645349310495,0.7428646840595418,1.8522983397844892
1.8968291282653809,0.5848920183055175,0.9210966961546949,0.8875409094493246,3.4674330659059613
1.9489171504974365,0.5241858195736306,1.9122621269027946,0.14052824984872347,3.8643843644482407
2.0043771266937256,0.2183362869328681,1.4280163937510753,2.811461370364217,0.7410548156182242
2.059842824935913,0.07075113432691105,1.5896575622247289,0.7106612229960698,1.219994307770354
2.1155519485473633,0.34136929857853215,0.42840192271978705,2.36247841611709,3.7277275099234575
2.171403646469116,0.3568971469337344,1.013789038091219,2.7942839875516388,0.3822601828596248
2.2263998985290527,0.23854120245778831,1.3833601302291998,1.7732850922953505,3.6385993057743926
2.281050443649292,0.7428997429636409,0.27439281203105215,0.30265202759329957,3.0149186591641834
2.33615779876709,0.9613493637753954,1.2019087064734912,0.8313986620598613,3.123877496593386
2.3909294605255127,0.6925801936605337,1.33021116459401,2.708391669289871,0.2682698075174921
2.448223114013672,0.534966615610229,1.2141578916747768,0.9185155534322049,1.9471355261940784
2.5052247047424316,0.5901802525631339,1.7114989711031512,1.9406288496128494,3.6734980568483393
2.566622734069824,0.4561157005712628,0.4417524797763661,1.4023955770583465,2.0642460030684924
2.6241610050201416,0.3008094139700217,0.8387481937484,1.9308228611173783,3.691004581612673
2.6823720932006836,0.769789249575508,1.260983606938083,0.8555938404208859,3.2014411664465916
2.740546703338623,0.962965210529533,0.07751401788542567,2.196274542970535,1.7492928290144034
2.7987208366394043,0.7455595418393784,1.9982621769178959,0.850998897436189,0.20540925667970766
2.856757640838623,0.5864891120124993,1.3640609517930138,1.7150959715412577,2.380444102317278
2.9146885871887207,0.21622185279263928,1.2400707518266227,0.5649880919192053,3.1855279593775068
2.975402355194092,0.8372402108746846,0.563162593696098,1.3651600418276966,2.3614185188334824
3.035785675048828,0.8553158726407198,1.4558340260942007,2.592588167190479,2.745157107666258
3.0963306427001953,0.6303458194636244,1.2255913298210321,2.467403912302636,2.5988189856767767
3.1565589904785156,0.342137937569135,1.788456725663151,1.2362580544280655,1.2980297760864885
3.216644048690796,0.23276434039552185,0.281008401008634,2.0710276945576944,0.7529605887381061
3.277082681655884,0.13560816223270322,0.2326868962907438,0.9375014797274129,1.9490997587777104
3.3374428749084473,0.16686589944162356,0.7934398980923629,1.6480156884770674,1.5374258642428522
3.400463104248047,0.6048908351662456,0.35640552583640983,2.976306311030269,3.3630512357481552
3.462306022644043,0.6116154720671408,0.46439295251681956,2.658855059199569,1.339647012782291
3.528614044189453,0.6702513783390948,1.248325235533038,2.9214682559579965,0.7953429240409666
3.5914876461029053,0.5627790714247242,0.4975203304291562,1.2090841897691011,1.3681758500825634
3.654437780380249,0.10528762185389251,0.37670193006526875,2.390216019646226,2.875925602681143
3.7101292610168457,0.33644141651212467,1.7192822582137843,2.001838308645504,3.3564512147216936
3.76435923576355,0.35179062277291484,1.779172731755077,1.894095994150177,0.7361331953402899
3.8182671070098877,0.7928601802550109,1.0043681605073476,2.5381047882167485,2.0177520048687256
3.8746652603149414,0.4545408267665286,0.17217330495241256,0.5420834165206242,0.05856689679311522
3.9307076930999756,0.03610530734370532,0.7056174294365782,2.0011651767976386,1.49666370186339
3.9872021675109863,0.3158778007677947,1.2113975451402272,2.7489543436892494,0.9716438036416095
4.044133186340332,0.46584164038479037,1.3955839849874738,0.5297945603521048,0.22123121316029604
4.100581884384155,0.2121492171906174,0.6327421544184582,1.5714977365207161,1.4043680600556239
4.157319068908691,0.11304947940232324,0.6594921814490793,1.3671306660084643,2.142572130203886
4.213852405548096,0.5959711140091271,0.16539924659013527,0.18295892161159633,3.755032139578261
4.270673513412476,0.41020824206462336,1.377691149794204,2.413602677535491,2.9240122076676327
4.3271472454071045,0.792362788409861,0.22785571111745861,0.31332382561181327,2.8046713671367587
4.383000373840332,0.9155227849972658,1.3120002329680163,0.8797698829357569,0.4579559528675259
4.438792705535889,0.09322212739566249,1.076484140194227,1.3150827373125518,3.814272337706628
4.495639801025391,0.04834697636698004,0.64681330483503,2.599206089280565,2.049719723012385
4.554554224014282,0.7141441075104334,0.9439576873105342,2.219278836928977,2.5989696196425234
4.609797239303589,0.2374792249347325,0.5570983101788938,1.0736338289504945,1.9156144963338706
4.665538549423218,0.14393542151330652,0.12570083868383786,2.4601044674963806,0.5389790229904854
4.72170352935791,0.18065033741327186,1.340743122057401,2.7670534953806465,1.8477962369242085
4.77794337272644,0.5495393331673962,1.147172517922736,0.4939322641398547,1.1693980457422959
4.836279392242432,0.38167872685905047,0.5894256580505948,0.9084918219097116,3.327747581180216
4.894241571426392,0.6504473091430962,1.4141917073685928,0.5514014139818179,0.05341732707259217
4.951599836349487,0.5493304111821672,1.1474944289375728,1.5598490637460607,1.568082506248091
5.0088629722595215,0.5472458126006771,1.982203205825901,2.792604773652104,0.9866718792790943
5.07028603553772,0.253469607780091,0.9551236454217298,0.9369767064329918,1.8779666202795764
5.13609766960144,0.5331444564695254,0.8786758528426994,1.1200203167887235,0.1052164211470128
5.196336984634399,0.30890657284410084,0.8521029122730377,0.9690087429844376,0.8414736479012488
5.255762577056885,0.3866869173510593,1.4834708137501549,0.05170213696845083,3.4259308593901925
5.315443754196167,0.9632091055765564,1.3213779728877517,1.525802638185412,2.067653752235041
5.374586343765259,0.6991283503045953,0.35712664612768785,0.6740067538437267,0.031114589781429114
5.432592868804932,0.2806814524688852,0.14542384086382,1.397763637208202,3.798702692986114
5.4904561042785645,0.04749715072350669,1.6001942387798145,2.0397339757903987,1.2441876675633443
5.549704313278198,0.01522004046783565,0.7077341345218591,2.722027800772487,3.4579493710173543
5.607396364212036,0.04554179826506255,0.21152858709986821,2.4262992705663926,0.03130463763794955
5.665343523025513,0.5339588736885527,1.546193260694025,2.8931997371920035,0.9967049758992443
5.724001407623291,0.26289953121706866,1.8293788815984307,1.9069805095753747,3.4382922224641885
5.7839696407318115,0.9403600114533336,1.1185779870833032,1.7201771056669304,1.9563168870685055
5.843431234359741,0.02510437890919459,1.5072828214693228,0.18369172998538164,3.662474493751499
5.903632640838623,0.9345622134724207,1.4414866657219294,1.3825413307092094,2.3484104847995324
5.964123010635376,0.7534932955753892,0.18094388611584922,0.7392403403516506,2.1324487926801585
6.024493455886841,0.7287741053048958,1.3002759827877022,1.8456103978328047,2.849948683813238
6.08561372756958,0.3606745345229142,0.6667337246577618,2.2406871217003976,0.8537094481207728
6.146096706390381,0.1623199121679717,0.04780689139759908,2.5830108135325704,0.5247055769168365
6.2063775062561035,0.5033146541709757,0.5783212598106271,1.6173493794821296,1.979172653689989
6.266736268997192,0.09243303137802195,0.16552688669945392,0.6001401606032841,1.6031727656937838
6.326818943023682,0.7167225366823122,1.6049498408675609,1.7816111144492042,0.9563241437052303
6.386970520019531,0.27023643798141717,0.7858143465644627,2.2350554206225675,2.2503740964067545
6.447895288467407,0.30304995713908145,1.5775178274821215,1.4906596960243972,3.299410685419853
6.50942325592041,0.8580996813031028,1.2911063645957206,1.475516264282405,3.8102165751506574
6.5713818073272705,0.972939829553939,1.2314167270510001,1.0639446404109103,0.9887624644468183
6.6324989795684814,0.8514329718115136,1.9768580912435718,1.858292698735418,1.0306518723655462
6.693967580795288,0.12080435786818244,0.28854356742228315,1.6941861943534762,0.8360186922098434
6.757197618484497,0.4974799555428271,0.40790317490517425,2.77701939469464,2.072166783003884
6.81978440284729,0.019963100508081144,0.573948800325276,0.8518669785283017,3.3866867680650605
6.882002830505371,0.09204702212186466,1.2720762935770364,0.003017604822008524,3.4214638260363506
6.944926977157593,0.06639940861502369,1.484504347806176,1.988702874169682,3.7844886441019434
7.008127689361572,0.8890933575975953,1.0037637242695774,0.5311113347032608,3.0909899601522515
7.079630613327026,0.3754162834904483,0.5723858671071225,2.755418034070117,3.712453515541822
7.141972541809082,0.5822081389537125,1.9601230755790113,1.2359716097355973,3.146349767529617
7.2052977085113525,0.8896739486094157,0.7611458146017702,0.3178279984914709,1.8125771095564995
7.268379211425781,0.8034746828949837,1.7430603532879374,0.15913932284561083,1.782558691629959
7.331419467926025,0.21807906872989657,1.70408486053759,0.3614659881907475,3.638667293067935
7.386878252029419,0.898271982308776,1.564256581108787,0.08135500432674403,1.9189150270846267
7.442621469497681,0.9686666752771815,1.2133051517088136,0.6620567303896709,1.6757428515583408
7.498148202896118,0.15849229966712564,1.0269961894069801,0.2466295120899047,3.3366707376537232
7.554168939590454,0.10483794042147965,1.4232728146969815,2.0049041158739485,0.05215876253727059
7.6096906661987305,0.32813223472602626,1.2674443118499048,0.288541774779679,3.2125962770206953
7.665269613265991,0.5998374798748283,0.09596294069366573,0.053333053168547306,0.22982862402853765
7.7238476276397705,0.9120435347218941,0.9607865553433408,2.2471330653273602,2.829942595747711
7.781930685043335,0.1171882617365948,1.3832931715819161,1.7360518627740404,3.8426491373661977
7.8399810791015625,0.4846400636001378,0.3361539483774425,0.8265800498558199,2.712168454601106
7.89718770980835,0.7120166737832297,1.0028591103487163,0.29324792454149395,2.742323730445263
7.954401016235352,0.021236002005848187,0.8541165155923205,2.670215768839526,0.6110683299936048
8.01200270652771,0.9467874406014608,1.3356948711204433,1.321818524231762,0.5482517046990463
8.07031512260437,0.786019787781485,0.15392462020721887,2.682896293811593,2.130554012429589
8.129071474075317,0.3164538340212899,0.5461018840877525,0.14565562738064508,1.8605497679645118
8.187630414962769,0.5463937716047946,0.6590692832718767,0.2337762841612111,0.08707749534028375
8.245590209960938,0.3320870298573847,1.5500904399798858,1.3688115969846457,3.3348809720149597
8.303276777267456,0.5700141640469267,1.8615982130021234,2.1006778338856646,2.757853282360392
8.361295700073242,0.21511093387710645,1.8755048039658166,1.0031761269836408,2.9936799344166767
8.419690608978271,0.49935106993202727,0.5776048294214802,0.32919029427381064,0.235686868966956
8.478300094604492,0.13933387663701913,1.3020495314526388,2.799495890231342,0.1844587291418649
8.53717565536499,0.0003083755893310558,1.344262522683368,2.51279057133784,2.1735854421788074
8.59433627128601,0.7494421611071116,1.5019447440035054,0.6318273055006856,2.428031440912831
8.651458501815796,0.954363371825943,1.1457557470738993,2.096612420234716,0.28288005814190553
8.710291862487793,0.5707000079913468,1.2796461834687414,2.8952640600723014,0.3780130088041882
8.768035888671875,0.3374978775732347,1.2933951424569259,0.8836171368226402,0.7570617920800466
8.825380086898804,0.19401090846555769,1.6682292558981604,2.344190800408599,1.7215186891264542
8.884551763534546,0.05695859972730055,1.1549373798850613,2.108558813049366,3.0824979688195024
8.951559066772461,0.292531378235684,1.7939273062331749,1.609299832755299,0.7955765614597148
9.010647535324097,0.6707951979424428,1.949721615097407,0.2524586827641865,3.538159310218093
9.069983005523682,0.6007831782957488,1.587422689077391,1.4571228938437095,2.1273226257653093
9.128891468048096,0.831881838009928,1.9103283927053303,2.48801156400478,3.478675318668277
9.186256170272827,0.677047361512649,1.1482433350016235,2.4101302389517567,1.2389220799563438
9.244521617889404,0.5348095874405547,1.6897954465657645,1.4545024793626493,3.1109238769181133
9.302441358566284,0.42394473569995383,1.6820437109419621,0.9277671836244591,3.6468272481076256
9.360300302505493,0.9896906661890562,0.02253285677747474,1.8499868997453623,2.6834042942712344
9.418278455734253,0.6837112800674708,0.2676131830502173,2.230904763268782,0.19112756578228796
9.477086782455444,0.3488855181944661,0.469883893206984,2.9269727311304288,1.7825688491088396
9.53729510307312,0.7746837183865257,0.3603922597421769,2.109246993340481,1.0373460440709596
9.59802532196045,0.2790029622761624,0.17899436469462526,0.33511630346294274,2.462070673566298
9.658568382263184,0.380904373918175,0.38814603962898797,0.46439519919682215,3.9232650005400678
9.719290971755981,0.9719859773086421,0.17745100990303908,1.9696507651892436,0.7143009597754633
9.779811143875122,0.19768071678065469,0.18782994161493805,2.9159680382457576,1.8944198297845043
9.840240716934204,0.3040961564445498,1.136328850912185,2.692002325222522,2.0877704475589227
9.900984525680542,0.744674785787944,0.7344142097988842,1.465005761623678,0.010839276901820405
9.961827039718628,0.8179871597059603,1.923750893795529,0.2665604348518865,3.596751442420418
10.02169919013977,0.697025039920562,1.5844579658786053,2.8866136485903384,0.8686892981630798
10.081618547439575,0.28442206133395553,1.1009520819647072,0.18073144023015808,3.049777095273737
10.141584634780884,0.42811813299173296,0.7480947769593151,0.23553216590532033,1.6469313883408718
10.201798915863037,0.9090596403677083,1.0379671908677104,0.05111469677147917,3.385172898138056
10.26176381111145,0.8609449399295482,0.21249951230320008,1.9856397122337741,0.2092230068942662
10.321918249130249,0.3452061053757428,0.5009348683551194,2.5959914381340523,0.7864885107190096
10.381689071655273,0.11452904489762195,0.9931432439847103,2.6555202721139795,0.18956749156771302
10.44186544418335,0.5368367291566977,1.6888308929280664,0.046873649565019826,2.1613647470787964
10.502646684646606,0.9941506744823841,0.1919821529773671,2.2650226700490896,0.1907409776056741
10.565775632858276,0.3725803539703041,0.25349861792646733,1.5475952225616585,0.18246339508999654
10.627322673797607,0.5557735257439063,1.6108563246687162,1.9445229116492009,0.6681691044022386
10.689180374145508,0.5768758365750175,1.0187143959770295,2.6993018128960635,3.4630830715524303
10.74988055229187,0.0703684032646501,1.3306591980651228,0.5591280956144407,2.332586171033788
10.810559511184692,0.6453211952886596,0.8413556908729933,2.9972871844032207,0.15710106963624426
10.871530294418335,0.05167542569866812,0.2094555519321475,0.036161034728660835,2.383157869460147
10.931396245956421,0.8410917336870222,0.08666724338314125,1.7487701251680603,1.8303910668646197
10.991800308227539,0.5206695894262086,0.5024325457604641,1.4566010874407578,2.971013051599777
11.052021741867065,0.5802637661680504,1.5035315439590045,2.241872265724393,2.855680449348927
11.112468481063843,0.773292014728423,0.13737743453303763,2.084153513737092,1.6552434143416104
11.173297882080078,0.9323437412009393,1.0520564831626913,1.0105841755209022,0.23440283634105485
11.235505819320679,0.24295127663417115,0.4874923391441359,2.7180701392160724,0.12173190242666587
11.296707391738892,0.7266898646527122,1.4956847882661268,0.6369211087782771,2.177104523396921
11.357141733169556,0.8284568191923295,0.3314338644701016,1.3510084586782969,2.4314316716799453
11.417980670928955,0.16537153502370494,1.1394647011493415,1.701463931116691,2.0737986354349602
11.478530883789062,0.8195316452648713,0.19538024184958447,2.1918455709940843,0.0404153378403036
11.542839288711548,0.4946397667930653,1.6017128557222373,2.1556242695733383,1.0782886030079526
11.605467081069946,0.8682908095129234,0.4992132462492016,0.303948316710996,1.0947638731769067
11.668255090713501,0.3008075190670235,0.8103057156048812,2.2452025840925622,2.87657508150848
11.73168158531189,0.31632031180447373,1.755142241552781,0.7861824878788338,2.753689201643292
11.795330286026001,0.811647304663761,1.0033931610789613,0.7760878249098204,3.465453775262243
11.859007120132446,0.7003140161521847,1.3380985953703517,0.6586884579712093,2.461968455076351
11.921916007995605,0.13555086750323742,1.9163871309596905,2.350891595849408,3.0113612783895656
11.984320640563965,0.965148666523373,1.1731959048469713,2.258965506413606,0.3220445968660983
12.046708345413208,0.7587017514461336,0.9130058930336988,2.943821593020542,1.9392023375442435
12.109081268310547,0.9107907158585562,1.205823353777041,1.0221383154777572,1.101063613763209
12.173773050308228,0.9981817082686527,1.0545717386593478,2.077603351142556,1.5933534385670023
12.23754072189331,0.8404437990015975,0.7417658068057462,2.8401346017683036,1.2353949239819388
12.301337242126465,0.28988748357022753,1.6132581209853356,0.8333817141147555,2.7656263321214998
12.365774393081665,0.5280319800211681,1.4559280786229059,0.38190759633392013,0.18272925560374276
12.429455518722534,0.4996461240481702,1.8169697615405842,2.25533547585365,2.757977992037311
12.493028163909912,0.947615327795551,1.0074593284118454,1.468501672438286,2.233991994684437
12.55712366104126,0.9775723920707667,1.201629120891785,1.3683480349128159,0.7011456350811582
12.619715929031372,0.10687143809306343,1.2154982927550322,1.244966846247951,2.88962232788815
12.682583332061768,0.45810830453174367,1.15424640711241,0.71872257918481,0.03304687972897913
12.74496078491211,0.23335156586929207,0.7269841315529402,0.466726853988634,1.8237164954911886
12.80763554573059,0.896911225032739,0.19526131043183237,0.8333406240182215,0.8796693702833958
12.870044946670532,0.43908380752562015,0.4838831466414748,0.2892833270370502,3.798121248140954
12.932403087615967,0.2558529288705398,0.9749017694641895,0.4500829476746956,1.4560774757344124
12.995007276535034,0.9339467991388624,1.5881921824386571,1.0789848997751446,1.2550263410548417
13.05750823020935,0.1538066358933905,0.5805721112078819,2.9545610099012714,3.0496006458331815
13.119802236557007,0.42872190790851616,1.0745884675912192,1.0407157152646762,0.05881186247771897
13.18228554725647,0.16056600928321318,0.764064797806143,0.7998547951050745,0.6526965029649019
13.245042562484741,0.8693837462972304,1.2683126425292843,1.2725142900797213,0.018995866313506138
13.307433843612671,0.27820025774137946,1.3721486164918675,1.791163615075221,0.3759875906904355
13.369370460510254,0.41946098819052546,1.2195071811420264,1.9035457803736766,0.2758314351180351
13.434184074401855,0.7643046999238592,1.3150870856238408,1.0389473963643114,2.556551117848444
13.498852729797363,0.045465511744446574,0.8072272927531774,0.06572374501080303,1.7959221148843478
13.565448999404907,0.15843010485424847,1.267672897835847,0.9205252641937326,0.7901470877374406
13.633531332015991,0.1555321088509748,1.8584745521328214,2.747246461004998,2.7908837582251396
13.698994874954224,0.5339531290025685,1.5605267356195174,2.744997430354519,0.7318120369517169
13.766043424606323,0.1778968541412791,0.32836666274921367,1.1616778115913755,0.6307155352392075
13.830172538757324,0.26831442134559125,0.7273247210618894,0.4837027853142193,2.096014168598233
13.89457893371582,0.05620850198447236,1.5312988057821821,0.7465912291696017,0.4775453329324475
13.959561109542847,0.6054043202254382,0.5811205444850338,0.6088001485492198,2.0024521587071478
14.02945590019226,0.2629021241987216,0.6496374128990969,1.3575120538994305,0.614047460087269
14.095765113830566,0.5078861937441022,1.7497942935544537,2.0573722882950025,3.722073154831881
14.162829637527466,0.8890139900051133,1.8926798779286804,2.4119968781119905,2.4582444952045237
14.228757381439209,0.22964442747573632,1.7575248377439443,1.013878223813852,0.9190928216564545
14.294171810150146,0.7134562147126655,1.83786631176722,0.19879701470599975,0.8564680078317073
14.361990928649902,0.07632741904956897,0.09052361334802694,2.766780344827088,2.986277281297446
14.428883075714111,0.916175309842726,0.5225523552530258,1.9506610940059548,0.19703087116319873
14.497040510177612,0.22573662146306095,0.113402181566151,2.3580057032715627,3.7112760467940595
14.566994428634644,0.6430046756157606,1.5531832276599453,0.9365555521703136,2.2069314142676486
14.636470556259155,0.15609642578078275,1.9679787926565124,0.7973102150570567,1.497640290286275
14.703493595123291,0.012363933915663594,0.7847595417129962,2.504139099207191,1.052071591564283
14.768598318099976,0.7794306760088652,1.797599973192016,0.42821261600053506,2.3516014756629877
14.832637071609497,0.4573731835475584,0.5125503948944872,0.0672410168444928,0.8689958390343686
14.896414041519165,0.9920919448333704,1.6113466527666431,1.0527271085322152,3.2374736839261247
14.959492444992065,0.0987692230481032,0.836798929332246,1.1041901582920595,0.057625272138009276
15.022828817367554,0.4475155066185489,1.1957376616972213,0.3052752360631049,1.7603883934285327
15.086716890335083,0.8432370971160271,1.2705200994285617,2.2487294213788696,1.890161339855724
15.150243520736694,0.1913899353015892,0.16432985577467085,0.4247914723856302,1.9534979750477697
15.214355945587158,0.6277333509414978,0.4168919370941433,1.6607961534885018,3.337122747945944
15.27822995185852,0.2791826165923169,1.1791382197486582,0.9463579147512867,1.4047015110910501
15.346333980560303,0.9375222799416412,0.004644869160396192,0.40160758362649085,3.32682191200659
15.41707968711853,0.5782774898716152,1.7557575026228378,0.007990034976780858,1.060007331444902
15.481661558151245,0.32932280724980956,0.6314556298803486,0.4528732506690881,0.2925355257916533
15.548196792602539,0.3213654986367782,0.06765817957918019,0.40287098796905396,1.5522793006650701
15.619896411895752,0.13288298270615928,1.4127542463128746,2.2316158296097637,1.002652782916317
15.694900274276733,0.6597766104364061,1.0567226805910406,0.5950039477692816,3.106663585638675
15.76521110534668,0.5342781977879703,1.8973972399828687,2.459443860231152,3.954890609258968
15.831615924835205,0.5200742700197067,1.019521931924393,1.867652925228954,0.8663744970677256
15.897783041000366,0.26451574472043393,0.034217020529952125,0.3768617146175005,2.5507889956399965
15.962349653244019,0.7455856290953287,1.9645587262064532,0.802558446389055,2.096937154216982
16.027470588684082,0.12523166558251808,1.0076020021625394,0.5274181548233096,3.806994715254567
16.092632293701172,0.3870201332516885,1.5731037022832135,2.202948068178139,0.6959516634471035
16.158941984176636,0.41488055376168764,1.7488373762774079,2.364171513049384,3.5781024079594377
16.22475242614746,0.4173648547148624,0.2118832502196628,1.1571873283852745,1.3323596783646838
16.290513277053833,0.2595304116627679,1.3678583981644006,2.587211957871261,3.669143533145813
16.355985164642334,0.40080859987933304,1.9918852455716618,1.0446835259001968,2.002303634223931
16.421178340911865,0.9434195926433321,1.1787950094398316,1.845283508188234,3.219246173182489
16.48579978942871,0.6437980148923218,1.517601211910468,0.46220850173044337,0.8816112434158869
16.553101778030396,0.81243112611329,1.926513313157867,1.562377390818983,1.871905227907567
16.618069648742676,0.07280542299672443,1.7713219556986977,0.4041025241948203,2.5284645478060193
16.68303608894348,0.7274853134448251,1.4691753284908877,0.2679681446562703,0.8005620666866107
16.749600410461426,0.7338899327999524,0.0842012983299647,1.202141907083981,0.5496746060085056
16.81671118736267,0.34246106591553194,1.9398074244332781,1.9037266580271566,1.18375075253143
16.883105516433716,0.36211759660853426,1.4319743788353336,1.142721238483536,0.7654347599739748
16.95003914833069,0.32403440291655405,0.5088529924341461,0.5548723358456799,3.5638796799319548
17.017762422561646,0.5008528917753741,1.6643930777279683,2.9613433140877197,0.260310984281082
17.084954500198364,0.29011745220677465,0.8087441493703478,1.8935148498425658,2.640151500100832
17.15673828125,0.7158467925487074,0.7824461540907879,2.3240635286690385,0.19984433922789657
17.22527575492859,0.31103236164130377,1.1621666101946082,1.492674253564537,0.027378514531662734
17.294238090515137,0.28910507939245234,1.2112080381816674,0.2649174644036997,3.030956933538053
17.361763954162598,0.5032179480089894,1.2963860543161922,2.2879277325459664,3.6880377149145183
17.430508613586426,0.5856261508611627,1.1481799855420047,2.888298995328897,2.893619797557631
17.498660564422607,0.030563869610310546,1.1139294146073775,2.580371092422711,3.8885936322883854
17.567735195159912,0.7484713439376078,0.9894156073263609,0.7473455439433643,3.366805742359596
17.635034322738647,0.6071495418506336,0.12940317358404063,0.19152144968555562,1.8737012157285053
17.704615116119385,0.2561898972752651,0.543133525798376,2.988321921427803,1.1603273863588925
17.773473262786865,0.9072644048845765,0.29446919182207254,0.21520875141521711,2.4589543670012555
17.84144115447998,0.5700967705006298,0.20381921651417279,1.8608483610551878,0.4281664734120709
17.909399271011353,0.8107728234293387,0.15273950624582278,1.1668966670157215,1.9319240810563003
17.977445125579834,0.45276366791088096,1.5733118976165545,0.18138442641002706,3.24116680812426
18.04514741897583,0.7513303061796265,1.1771047197108688,0.9103658751208439,1.9931719663252192
18.113753080368042,0.739078446868146,1.163964142952447,0.9857694631508184,3.425761265802244
18.18266272544861,0.9831869069546247,0.5940247739751237,2.3740450931960044,3.075905976370761
18.24210262298584,0.5203623527697114,1.5709934616248398,0.8836258597859982,3.7989908491678315
18.30157470703125,0.9473181167630862,1.5991228577680132,1.3730379936643453,1.3308147945384374
18.360625505447388,0.9019709080857331,1.1963946813996655,1.6269175331526644,2.5238706605580634
18.420761585235596,0.48071532003984974,1.8934435068237532,0.8813589123321545,2.0360992499669774
18.479877471923828,0.9029090835519256,0.582886827811131,2.7905896680360907,2.003284267575273
18.540451765060425,0.7611236303811442,1.2158218871568542,1.5923335605084556,1.7022340772887805
18.599795818328857,0.7281570310483341,0.44597512070931455,1.1318139650150663,2.8839538950902197
18.658974647521973,0.7138836298610536,1.0037309405855737,0.4298514546732375,2.7310345420961513
18.7188720703125,0.2532467912053866,0.6506514804379082,0.7985395351075624,2.3634138860050413
18.778555393218994,0.20244440915217898,0.9344251367538388,2.200495687522187,3.6071994247190653
18.83771848678589,0.1625624222432137,0.25017069323932306,2.9149120518498695,0.6977494270144717
18.89687490463257,0.23982302538030675,0.8303553419214356,1.6078070994399527,2.3462616029553676
18.955787897109985,0.3858641016557032,0.05999209810715933,0.5325669373843004,0.9535347322401995
19.014504194259644,0.8022384108475177,0.6460501374637135,1.5329872400279996,2.5259983005401114
19.07387375831604,0.28735530459668857,0.7360396814776868,1.1564132433903853,3.6311984518681686
19.13561511039734,0.04798364215072537,0.4842228841297955,2.584045393375701,2.642110459526033
19.197102069854736,0.5736347026414937,1.7348036779352158,1.5462004623942058,0.9049354633777984
19.258038997650146,0.4012308598553105,1.1517940193484557,2.2534477956749877,1.3989764705883343
19.3188738822937,0.19420700002636482,0.10984500292322785,0.6253171378952487,3.2933895669595454
19.380860090255737,0.7915865555877188,1.7672078128311903,2.5963790274240606,2.402942054854234
19.443179607391357,0.8199107265194346,0.2499875305575714,2.16539586992757,1.8656650986116432
19.504985570907593,0.7430405566777075,1.7354232003874417,1.8920851661267335,3.0250437940152075
19.56770133972168,0.11022467175746242,1.6574624866355052,1.1161382428763194,3.778554386246653
19.62938928604126,0.01931251770582687,0.41225744204898707,1.1956746085276184,0.8746469122011522
19.69074821472168,0.4627691123951073,0.49781154401043537,0.17887917268721387,0.1619728711387749
19.75208067893982,0.9058999124050277,0.11738705642748704,2.3324135365754213,2.937239473204446
19.814046621322632,0.8524694214568352,0.4796005187146286,1.4854567494866666,2.1587715984061173
19.876107931137085,0.2744279163128034,0.309784511937629,2.3251366365926978,0.5896722578598008
19.938396692276,0.051868512468090766,1.5883335161913446,1.8821718170617632,1.1597897956159806
20.000558376312256,0.25736010025949874,1.3383950116277505,2.1816141107105826,2.1831381635585747
20.062323808670044,0.9705342403370922,0.5019730026744873,0.6642222084209584,1.445608377280303
20.1237576007843,0.3596461166807382,0.20537790694365188,2.928011777189266,3.4981838562143155
20.18502640724182,0.35614468447868786,1.3623898825921095,0.7495271057563425,0.9054488310279125
20.24677562713623,0.5048776452661409,0.8270772098847612,0.6596412198351208,1.8094206627877272
20.308923721313477,0.10369752555459688,1.792858207522646,0.2022312652296926,1.930308899463502
20.371615648269653,0.12848412091112593,0.31817958139331104,0.079454442105932,2.488279601125878
20.434021472930908,0.12595873480159914,0.5390411310549512,1.337287317814606,2.3019682905798917
20.495888233184814,0.2643163326833212,1.1595841608367428,2.2878836615029643,3.5116891819707834
20.558682918548584,0.0004871256073181174,0.8935907977740274,0.48810053360264527,1.6375625750900893
20.620800733566284,0.3370146269778308,1.6776102431703461,2.055373582761942,1.4105068269706802
20.682992219924927,0.3700523343744603,1.6476950992556652,2.455108551897454,0.3712613586667044
20.74473524093628,0.4660669407240948,1.9072919150384735,0.8440004704672515,2.6648328128413716
20.8067946434021,0.7931687955243345,0.9795853811893538,2.174770533226789,3.6445962055846377
20.87697434425354,0.24720362054549427,0.6995193738092644,0.12023043452057414,0.7232158927575991
20.938424587249756,0.2475268674007255,1.035799860278303,2.4122102185237626,2.10833737889562
21.0002543926239,0.10013688612048233,0.03046697241516183,0.09535199308973108,0.6858586088962313
21.062305212020874,0.5517137515672964,1.9486317143461513,1.404331639888576,0.22444919582930334
21.1248676776886,0.9467426289173939,1.699994292004466,1.9263278464320193,3.8520798760332977
21.186933517456055,0.6119429833685072,1.6645663056924427,1.1748107141078932,3.3133291718308056
21.248813152313232,0.7266737443453383,0.4706435737608696,1.0415431723655317,2.3845327107519343
21.3110089302063,0.36176310297653,1.9008037285008315,0.09915294887821835,1.188162846620651
21.37356424331665,0.36293687559799204,0.4102008309525398,1.0042875244877716,0.6671518642244623
21.436036586761475,0.0453463830195906,0.7977641769067718,1.1848166044455972,0.07299128556210555
21.498843908309937,0.28917291046337457,1.0815169114565972,2.8013450613293593,1.1193076504183321
21.562072277069092,0.664980997056009,0.6206781942351332,0.9168440637228391,0.9853523938133035
21.62388563156128,0.24300978622891334,1.790592511007764,1.105944758499879,1.4742841891806209
21.685905694961548,0.20718873357201806,0.4691080100359313,1.5284772453827813,1.7189554832928202
21.748906135559082,0.18701664234491167,1.0135322210423428,2.6863806788504117,1.9842430248709508
21.811816453933716,0.9739357633217056,0.017685260705168737,2.1417092885547815,0.5331733104318412
21.874608516693115,0.3321869930890603,0.08302269990174427,0.9212621830096492,2.3721523342787973
21.93762230873108,0.42266362628496,0.6948797992286091,1.6433697396771887,3.638864299971596
22.00137972831726,0.48082149119053597,1.252882959690712,0.883582007073299,1.3493831090102093
22.063839197158813,0.6059497010434635,1.205137817358037,1.7410919688324984,0.8828080295457079
22.127266883850098,0.0390077302368419,0.9482469598801131,0.6054783246847499,1.1662350173315814
22.19018316268921,0.8082479034041138,0.3715624833683564,1.5602947429551848,2.0954093272284333
22.252976655960083,0.7105324425945307,1.6076152123079732,1.7127278365887513,3.4517708656981014
22.31684136390686,0.6901946765259642,0.9682184470469681,2.4714484611577707,3.4061796421954638
22.379741430282593,0.5066772533603663,1.4039701252093237,1.174589049514414,3.4197766771988416
22.44258737564087,0.699351451026922,0.9384699731596204,0.3948504410464305,1.0773682506713964
22.50520658493042,0.8223492949335202,0.9245577873472652,0.21052569134760246,2.124216513561301
22.568692207336426,0.5218369962700175,1.4995363773218024,1.7309547375379648,1.301740204633175
22.631954669952393,0.29619645931846084,1.815444926744983,2.3787532837454197,1.5861736558020278
22.694640398025513,0.31229928843729715,0.4645935814708446,2.4569892952166184,1.7224520396846903
22.757198333740234,0.7472220514853343,1.7176563865949406,0.4121485767197396,1.5983082035433482
22.819664001464844,0.7739281138241468,1.6052901167819955,2.288237689835728,0.8597078444224606
22.88298988342285,0.7375514269858133,1.013340520451832,1.6365254680792516,1.6112937189878354
22.945530891418457,0.30106857456067393,0.7589608471733027,2.25118019666435,2.913084526451434
23.008358001708984,0.852436344690272,0.24938977655609684,0.9050366147311679,2.585314830303183
23.07128620147705,0.2833808855290195,1.9616845242668635,0.486399019113562,2.531142686113773
23.133726835250854,0.9135506756471914,0.9546156185114962,1.4639298256712334,1.7761080395055306
23.195926666259766,0.14395867866133782,1.6139987031632392,0.2771647853111835,1.337217275993813
23.259339570999146,0.9485533036028868,1.5904958431251288,2.781334844110714,1.239343463888222
23.32260513305664,0.6673179784652363,1.5560365074604858,1.0678284569566914,3.8042466626107845
23.386234045028687,0.13173596171526747,1.4957361663111646,1.2367932392822616,2.5180865579054523
23.44965362548828,0.7844130755015034,1.932920137271374,0.93681817613811,1.8242016720534808
23.51435351371765,0.8327264529578061,1.8625434391328004,1.2601387831320219,0.2573227215764433
23.57702922821045,0.21812324316381626,1.7968396162849931,2.537151666048725,3.0816697758252043
23.640334129333496,0.7112240953850063,0.8668142377616395,2.767003680604521,1.5652967178383301
23.703325748443604,0.578917628213508,1.3498684219381596,0.6404813957361992,0.45469388429222146
23.76686143875122,0.6984782383566205,0.038044264533813266,1.4445737359269262,0.959220358261808
23.830387592315674,0.9788533058631553,0.8749372020974979,0.7235697233189397,1.4437434451414481
23.89629077911377,0.1278478613956282,0.5961725111769622,1.227915408008335,1.268488418512439
23.963903188705444,0.36846263229911547,1.0734343318904631,1.708187447602823,0.6053863318030728
24.03127408027649,0.23356704111218574,0.29324042069442413,1.7882318511414106,1.4802259042647687
24.097506046295166,0.1281119971785516,1.3552160697617486,2.676694998141423,1.4817466526479914
24.16328740119934,0.2147849544775463,0.7402988371686046,2.723148876996313,0.559944441444117
24.2285099029541,0.8408634132437595,0.5125535446897966,0.8900701707005527,2.664586795309697
24.294283151626587,0.7752296381764711,1.8317658086363973,2.726123832197557,2.7172927471898984
24.360184907913208,0.023651448671244135,1.6128329003009823,0.2803759960476766,2.461935745556076
24.42585825920105,0.1463237111126927,0.15784635595271124,0.7932651983682681,3.4508354498337006
24.49276900291443,0.9758073150995967,0.7230739397655193,2.663286259817922,2.07787781539889
24.559803247451782,0.5612430764370654,1.2086046674301547,2.2822456224491066,0.8638906278864096
24.625883102416992,0.33537118743076155,1.7394144348306033,2.4130663209654015,3.5125766536404663
24.692114114761353,0.3911737708864953,0.532926943232082,1.5869336243811567,0.6278221183737265
24.758108139038086,0.7988413734916784,0.014256633706598798,1.5531709526299362,3.9191315868410133
24.824181079864502,0.677942112530016,0.0190281440607718,1.6930948980627467,2.2158765278419654
24.890005588531494,0.14812018249417092,0.7791153799660733,2.031293108343884,0.27808976976712474
24.95538854598999,0.4763020550193233,1.172155643143304,0.5614284226138769,1.0823138599023103
25.02132534980774,0.31465645596740055,1.1985451586929503,0.03202133337618607,1.1793423556308085
25.087013721466064,0.48532074756397214,0.8601208952170731,0.5798584713481937,3.783263831798113
25.152402877807617,0.5258229090982687,0.28543246199760275,0.5251305007268903,3.7805572902945848
25.21854543685913,0.2353902820507514,0.5839607462037628,1.8425859568983158,0.8763495334631131
25.285062074661255,0.0008289528751705966,0.5945309611463183,2.7961336280370825,1.175845038928129
25.35015034675598,0.8029497164461845,0.8624622273987939,1.946103788984749,3.6801640106803513
25.41608214378357,0.9158564693999537,0.6984916156817287,2.0580315641184503,3.2938307800371867
25.482555866241455,0.22888036440201243,1.7481708810030303,1.0697326603745443,3.91722416526673
25.55006217956543,0.017393490737204753,1.4178270439171068,0.5963750378026201,1.6681230777003573
25.616199254989624,0.5151366105165867,0.67759824662382,2.040625287248418,0.5030742237176953
25.68249487876892,0.6242426697816893,0.7786233888110436,2.403973865547404,2.7080090022379744
25.747759103775024,0.633416803725615,1.5762986570536648,0.8242853294654466,0.7138709457870203
25.813454627990723,0.46128210104296985,1.67794517141826,2.6403626453299047,1.8974582853975637
25.87954044342041,0.028709587254860836,1.573663071617468,2.3843715515527055,2.9400350964354853
25.94485092163086,0.7070498360644742,1.4745563812923506,1.144944148914001,0.2301909136384932
26.010740756988525,0.10847556711982198,0.7015395641463749,1.1004691212148265,1.1001447908119957
26.07685613632202,0.9379633379343258,1.6606337093337935,1.20072047625649,0.019312411362355952
26.14244294166565,0.08603955930975715,1.3756130788718228,2.088905907596988,2.4806322704957706
26.208446264266968,0.2827270599747316,1.5141209700839127,0.9797179520360337,0.5155037428859695
26.274849891662598,0.6134855846323455,1.2442456854810806,2.1136780004434677,3.9590280430259632
26.34150528907776,0.5289416745477818,0.21370824792554632,1.6754074626428612,2.155002352802743
26.407864570617676,0.6093411267958655,0.4036505699888082,0.5560868249968026,2.776280382597514
26.474103927612305,0.2765414650307437,0.9283143182114573,1.9622554200771118,3.3579814665537815
26.540812730789185,0.7796300279744411,1.3609590368007793,0.10893514740213173,2.417570017211991
26.6064555644989,0.06262080766290035,0.7057257220979776,1.459839579348675,1.7149070954152834
26.672400951385498,0.9531163850330623,0.6017551573678346,2.3845782446758,1.8992122103779585
26.73789668083191,0.9356259133260267,1.6463899409416423,0.9309797051169253,3.6818024197708956
26.804004430770874,0.09879609965306912,0.6883905719411603,1.1018543481010188,1.9053574798193096
26.87023615837097,0.5427068856697176,0.6301591169906471,0.6459349620722151,1.1025710948574314
26.935882091522217,0.0051138987225233246,0.03800266308153155,1.1558451839097574,2.843084564772455
27.00194215774536,0.059998751784290816,0.264348492452106,2.980600037651193,3.308707392355587
27.067984104156494,0.3585994478002713,1.3457374863754525,2.6415860269460008,0.19525855348480414
27.13415288925171,0.07411437146447519,1.8843585652969885,2.3641003051722262,2.829232313809927
27.200504779815674,0.4217663900753771,0.2289164204336549,1.559702857779841,1.9940516367064265
27.266387224197388,0.10403612755133729,1.5536218647682154,2.4101416775924394,3.3797599922630126
27.333129167556763,0.5816520633684567,1.982575135115598,2.4552450403969437,3.727076510518264
27.40004587173462,0.044332574376760525,0.543933141025378,1.412807872704115,3.4867845250566223
27.466498374938965,0.4539923233285815,0.02558165006322488,0.9910939913380244,0.6406834750030526
27.534281015396118,0.8287594812980413,1.7143647190401028,2.277527348071429,0.21475980173298748
27.60050868988037,0.34763646161006123,1.251139673193647,1.4675522191640777,1.6032783567847728
27.667033672332764,0.26403736210069906,1.1262738941590758,2.75096099974818,0.08925181480263289
27.733060598373413,0.31856741798950516,0.5148352762787638,1.0042204202422655,2.0408045582536727
27.79942035675049,0.8770429534809002,0.08375601018773171,1.4100623823789142,3.0314768327395276
27.86641764640808,0.8461686452489602,1.397272950774941,2.236892956705466,3.5589965110230315
27.93287444114685,0.5527833060880247,1.3461850520952299,2.7704584118157496,1.5084924026369881
27.998762130737305,0.3245934901909625,1.136958929084778,2.812843604182964,1.3055007828355887
28.065242528915405,0.1333018481870879,0.8694435721868266,0.019914624511229162,3.798140611688208
28.131364345550537,0.7426010194600521,1.3898138731756786,0.7346347454428499,1.7596409117099912
28.19796371459961,0.0031744428220586984,0.9009370754364467,1.6833692493025625,0.685329658216407
28.264971017837524,0.22768677921371727,0.2974950737246813,0.4054105629611354,2.8419671082161195
28.331329584121704,0.22749182495693332,0.20178148312904565,0.7258175317702162,1.1992158525120487
28.397803783416748,0.06462542184482134,0.008641988519621835,1.3092141125417276,1.6392046669423896
28.464171409606934,0.27585177912329384,1.3519460583656329,2.014887714946641,1.8888426100788882
28.532740592956543,0.18510352790560047,0.8130534529613607,1.8697147990728678,3.9132916459497014
28.600127935409546,0.2532487183180203,0.4065386282709409,2.424365748793484,2.818254104111638
28.66989254951477,0.8488117659989112,1.5279577695538455,1.6674051509204326,1.3790911118323184
28.73848867416382,0.17819479145647432,0.23279940863141424,1.6963490955345615,2.1250120792294975
28.806934356689453,0.4155021077487968,0.0807613858217533,1.9636895666973855,0.6171315128188102
28.875457525253296,0.4413927672677779,0.2513024608611272,1.0977483819257101,3.4608373119060993
28.94473123550415,0.45443813030035096,1.0340072982324,0.6338586028779292,3.7492261649890697
29.01360535621643,0.7145600835746982,0.6431050895072832,1.1334892499616638,2.396743556845944
29.08264470100403,0.22265493992693608,0.06929664062908958,2.487959361261252,0.2115302484521946
29.152247428894043,0.33619323349843966,1.4869850829916755,1.7116333402683246,2.6042929943724333
29.221920013427734,0.7575193894155322,1.5630916061365905,0.3622588744509512,3.3660080908145096
29.291462898254395,0.3116715137445073,0.8817791195849789,0.27516872415436266,3.0125130114608876
29.36016321182251,0.6769243663020353,0.5136883097509646,2.0542388365286404,1.4902334830805515
29.429734468460083,0.14136588167873698,1.6584602483983928,1.1166907168634865,2.5501886891774275
29.499464511871338,0.34495938054581887,1.423535145149722,1.2699855392852326,0.8184254811881853
29.570427179336548,0.7827392862369842,1.1180282942047866,1.3558180283535068,0.25596084313816103
29.639986515045166,0.19483634168571773,1.8575907544336188,2.3892633449190863,3.3604142821218383
29.708965301513672,0.9662085046592968,0.32004823533295546,0.8494266504822977,1.2277515512010235
29.778043746948242,0.0711485422264917,1.789144627671826,2.808610609282366,1.419604812953195
29.84754204750061,0.9836919254113526,1.1029535241317086,0.7749234089130262,2.478028371345866
29.916344165802002,0.13244911026852424,1.6006781228387104,2.283825895280044,2.3632978019766893
29.985358238220215,0.382473884686119,1.396194916188463,2.380494558010888,3.449452776907046
30.054112911224365,0.9647167139299941,0.708223048832167,0.8425964746555181,2.7172813172280517
30.123425006866455,0.6976410071293351,0.30408056484238477,0.3993953325100611,2.3594797023100447
30.192883729934692,0.9064686081465807,1.3252965560088825,0.5071337042415132,1.8467435550761957
30.26205062866211,0.2841562778636815,0.10872330313914436,2.256245944736901,0.9177160158358673
30.33169436454773,0.28670454793814604,1.3699897441312314,0.1048103140454062,1.4396512384862468
30.401463508605957,0.44654464328427723,1.4878446010521966,1.8449173014703937,3.1361508385259063
30.47131037712097,0.3105975518522064,1.8768422616806202,1.2434109842601677,1.5871392783478688
30.54207682609558,0.6529959987419417,1.5303070436506268,0.017655329786633422,3.051083420446794
30.611839294433594,0.7981248304334083,0.6189386807211419,0.4897711672596914,1.2527221376497342
30.681813955307007,0.16921597291333124,1.7863491210358804,2.768354275224799,3.556550209413175
30.751342296600342,0.7468830402090882,1.9129304935104456,0.4339446867274859,0.5027469992682523
30.82049822807312,0.4430441077712808,0.8125378965521808,2.3609148973726195,2.8385823970676354
30.890250205993652,0.5978887508447409,1.4680834988891982,2.384463223275622,1.2711683822870756
30.959164142608643,0.723846464730439,0.9065879841516213,2.8916980812384754,3.020113192069219
31.028406858444214,0.9043921114417254,1.934898824906329,1.5122925593213488,1.2278567265443439
31.097883462905884,0.760845755030076,0.5738572671409352,2.5266680471862437,0.9057084051970747
31.167863130569458,0.3206719518939588,0.5339798664789213,2.727524497637584,0.07355539734913918
31.23663568496704,0.21814543868031244,1.349343951505016,2.9209935728076126,2.70455655720377
31.306163787841797,0.10654162624073182,0.30331170426280907,2.662055547402642,1.2058160079163187
31.375895261764526,0.5291791201444976,0.39475328159677314,0.4540736336561091,3.6223379550536747
31.445770740509033,0.9023641043252696,0.1438651228974681,1.1698428162189578,0.39410109320134445
31.516348361968994,0.05113283284244097,1.5086765376304136,2.7645076952703063,3.0020008540220977
31.58594584465027,0.9627824422399179,1.8240766849793124,0.05243900887800934,3.7861107746956306
31.656062841415405,0.11588121258026629,0.65614447326848,2.746614243122342,2.9797765795830227
31.725443363189697,0.37365431386674,1.8552277448589893,0.38487595475638037,3.1848997311751397
31.79491400718689,0.7793093853465525,1.8929905441471229,1.3263037013701546,0.3059082133060942
31.864750862121582,0.0022690440496527797,0.2933792157785997,0.35431353464851056,1.2417640675456778
31.934980630874634,0.7943894603752419,0.921022085612309,1.722071261036172,1.9848319372614993
32.00497508049011,0.20173906518440554,0.9592945841642067,0.4641717305860258,1.384834455122999
32.07432818412781,0.8313834555012722,0.21664656368427337,1.6331638689754513,3.053326883630626
32.144089698791504,0.13224991856167634,0.10155747203379839,1.8449237287169953,1.2127695120080513
32.21414566040039,0.7689249582793843,0.3289883004887564,0.9412664624233298,2.689246414355338
32.28447651863098,0.30760864324387416,0.021361152122976845,2.794778815914994,2.4927712570819502
32.35478925704956,0.7606030171662731,0.5985296913398748,1.8054314257221815,3.6892928629742783
32.42547082901001,0.19256537724474354,1.615592793083394,0.221168938243119,2.3947124618772255
32.4964554309845,0.33798602219526586,1.8931545375823233,2.636076064166252,0.20797034044575424
32.56830048561096,0.3905100599000474,0.6652452528884782,2.132614224780143,3.6487869281317544
32.63949751853943,0.35293394312175863,1.937095848436571,0.43897514626087253,1.874189856560569
32.70956039428711,0.36771146840624314,1.2194780626491597,1.9549988753388796,3.3162087256844557
32.77989983558655,0.9826457134179137,0.09187859801176845,1.2306478185748768,3.736697805263939
32.84922814369202,0.9042796501429995,0.6429865421802008,0.3898927177446543,0.4372094822383077
32.91966462135315,0.26861981020107917,1.7871890850430092,1.1546685540185833,2.948865212214351
32.990389585494995,0.5064518543523419,1.3272884399045233,0.7198797352581334,2.080094943777117
33.059890031814575,0.724695412397079,0.5267230305007997,2.89704688675703,1.9748487635474041
33.12933826446533,0.045119547024635165,0.6563387974314745,0.07461089746996152,1.7027633170196999
33.19964528083801,0.1410813469229082,1.3344540188249845,1.391529043403751,0.4483389895624672
33.26946234703064,0.6897781300848475,0.2864645475567633,1.413792321080884,0.3255924488777664
33.33996248245239,0.5461526353393942,1.6443572451028636,2.8071692096615353,3.4626282807932363
33.41543698310852,0.5999284896554742,0.939839018166382,0.09145696103523515,1.9164228856216692
33.4885516166687,0.7933738637543907,0.6397066092014376,0.8810873199170982,2.94180931886288
33.56296420097351,0.3874493235770221,1.009309770717392,0.529085376894723,3.54570405613972
33.63622713088989,0.1543959651203306,0.01000344588335178,1.420392069051318,3.1196422293535826
33.70962929725647,0.15876624938282635,1.3262619072925428,2.551982054421417,0.6905980302260049
33.78295826911926,0.20278545108524326,0.6277621140275218,1.8261014314024373,2.2884506800670565
33.856619358062744,0.14675116983591785,1.7539014671848387,1.6963728167373913,1.0150416381258611
33.929200649261475,0.35660109827262365,0.5509271717526423,0.20909970547474677,3.130977025977124
34.00126266479492,0.18244027785709083,1.9201023294007704,1.7914173095752242,1.486379175567134
34.073188066482544,0.46793293683464277,1.2921133577735422,2.959935422409935,0.5815143276844874
34.14578175544739,0.5810514384635915,0.6436818705991398,1.243532440954242,2.48951507313751
34.21842074394226,0.7268781174791913,1.5918048852500626,2.1044537830663437,0.22687449003228455
34.2916738986969,0.9226600715473723,1.9351769731627704,2.1639918866418197,1.672218009827254
34.36460900306702,0.23792473585782326,0.9671763473003396,0.6598808111359349,0.2432536414754467
34.438111782073975,0.9790004641477829,1.7116575010048118,0.9070778998607397,3.0666125973687564
34.5137300491333,0.42554102399325633,1.059158040972611,1.5393799686608989,1.6127587051187038
34.58629035949707,0.03000234542876723,0.6203067149480301,0.7058938510282541,2.7897856550263342
34.6596884727478,0.860283173635828,0.15232168008290525,1.052077789079545,3.5421909625805643
34.73201012611389,0.6866294286894385,0.4754136866742724,2.8280431220561546,1.7129605981932379
34.80427694320679,0.41775351282065754,1.6607916995591998,1.8391819847721433,1.5598969711057964
34.87695026397705,0.46565819835827604,0.23868161675652688,2.307062577278256,0.8893710842675375
34.95062208175659,0.3323684424726382,0.9183926359004633,2.3298272259231707,1.6586239353544192
35.02267360687256,0.11151629538010988,1.8477649028465244,1.109007427460908,2.6581687262796136
35.09498190879822,0.7686288864777803,0.6290979230847946,0.7931530966461388,2.034670671608671
35.167569637298584,0.4335249600655189,1.8315174743660707,1.9713978473940952,2.0904881176747607
35.24001383781433,0.14340659154779245,0.4127454000226958,2.1176918762691996,3.1490565996709754
35.312840700149536,0.5345148193055589,1.632485746085993,1.1522352428748754,0.5486245912452037
35.38585877418518,0.1408871331091327,0.5857392937097736,1.7658067643013156,0.6328001091811513
35.45887017250061,0.8083504778902543,0.43553648240852927,1.8068960292236835,2.4697656666061514
35.53459572792053,0.10142126669385598,1.5900908786445949,0.3937084100411531,2.553853816606934
35.607688665390015,0.9621607322995145,1.151222491899794,1.1082821154246303,1.8736798859909354
35.680437326431274,0.46865813225308106,0.12477410834917047,0.37164928564536026,0.15801213400331227
35.753339529037476,0.4313125884713117,0.04025080328714625,0.6525604738854947,3.2486808733666925
35.82755517959595,0.6716761717755736,1.874052803955441,2.269133309993072,3.2349205312145837
35.90107703208923,0.7407917541608396,0.8607790442146852,1.8158469249533662,2.0369443481981753
35.973737478256226,0.138063716790641,0.2586741991462196,1.7472553166480589,3.327660818401438
36.04681706428528,0.7511353872146289,1.8409823219092531,2.788653411575751,0.8049877565272268
36.11998391151428,0.9840457124694401,1.2135316734824806,2.8956682987994635,3.2770416460032994
36.19295954704285,0.7157093890635037,0.39923796747271,0.07415627722009188,3.7206530680484473
36.26611804962158,0.2840021892541007,0.3348020689967368,2.803009270635436,3.2413737423216804
36.33992600440979,0.09764620224529508,0.28181848225226713,2.813963142121033,3.9334679354135944
36.413564682006836,0.4978060771947391,0.49062064739029654,2.794402038095019,1.507003339206268
36.4794921875,0.6154824403852673,1.0832378624255858,1.0519610308652656,3.7937832681681027
36.54701852798462,0.7506263907594999,1.7876003052227252,0.39744739220602576,0.7367669402262371
36.61316895484924,0.7486340869085952,1.657763561291328,0.7866965673581156,0.5121682969818857
36.67930483818054,0.17185587209050135,0.09132022954977015,0.7250739840750751,1.1751882600059749
36.74550223350525,0.31685775759876,0.9167802677320769,1.0009275176997328,3.478192143525727
36.811708211898804,0.7561769453438157,1.9891791906908995,1.2980760178046806,3.125131493846222
36.877859354019165,0.39186728984535946,0.7997114549633313,0.6582575875864696,2.4855682922429008
36.94446873664856,0.22403768218371944,1.3951335502352682,2.582098420307589,2.6885700744357424
37.01811456680298,0.5987411818126839,1.8469330816429093,1.7725462887005983,0.9607300198534618
37.08371353149414,0.8915810555787721,0.09125079542618564,2.287460410817896,1.2190740755105653
37.15015745162964,0.9784335139931607,0.23812210009400347,2.5398510649406183,2.961345946037184
37.30337595939636,0.33791440900266545,0.5782866316748767,2.4949500001203537,1.402882811663666
37.37124156951904,0.4439652897461057,1.9052869610618655,0.5873563520163035,2.1208237223215964
37.438520193099976,0.7990143811426835,1.4567561945451102,0.24706761851852854,2.330295052007348
37.50510025024414,0.2928010555332696,1.782821045619072,0.07200753259796311,0.4974971953278846
37.57346796989441,0.7824684566507634,1.555434122494249,2.861356292582946,1.3272699663972718
37.63913083076477,0.4110636462401773,1.65697901778925,2.363863441374614,1.2430860559947101
37.70573544502258,0.2625630648643169,1.502451740431187,0.6666916324911647,3.9878655430912087
37.77415919303894,0.36465132674972756,1.6496159717286865,1.5394766696332545,0.10527273337810161
37.842769145965576,0.9302475445352987,1.4931504384991776,1.0825176305160118,1.8657988349031047
37.91134858131409,0.929737025436209,0.02627181571647963,0.7082528333259268,1.2215708083499126
37.97936940193176,0.56191052401123,0.9974861382297278,0.8358430733877368,0.43757103160913857
38.05273914337158,0.1866724954731076,0.47057449460966994,1.988258305749965,3.167892610190554
38.12104845046997,0.5591213242070266,0.05904451833594604,0.062141589179601,1.292380984085089
38.191235303878784,0.14465513982546085,0.05973799104442201,1.399160608677348,1.4475978187478589
38.25942611694336,0.6765253854280793,0.6416744625957851,1.9151399439987564,0.14830573539885883
38.32744383811951,0.14661336758835786,0.6852612251850727,1.8542166188405331,1.109745025444671
38.39561343193054,0.46483178024847827,1.0702229397160707,2.3129262962101476,3.799202659983989
38.46437191963196,0.7566660394354455,1.860643856237854,1.066832892710531,0.4542395261592982
38.53432369232178,0.825893998814041,1.0376231005611525,0.9110479033075932,2.2454295991096838
38.6023485660553,0.20822534817744176,0.1961890750461448,2.220223287832307,3.5746137503678628
38.671550273895264,0.7272294695427302,1.513645819716573,0.32044261578615196,2.351682452748816
38.73946452140808,0.9209730623764005,0.4504488017378063,2.9445754098748624,0.10747828257177394
38.807538747787476,0.8306847537060668,1.2902540914491343,2.063834685772429,2.9996889828141526
38.875710010528564,0.8108625593829664,1.6885973736970443,1.3598731441153475,0.09750085765050409
38.943933963775635,0.08552157432377705,1.3917352150067235,1.644977772528119,3.815567218739125
39.01240587234497,0.9882186049173359,0.3526765271930099,1.7166398774086842,2.4190825237530644
39.08112668991089,0.6170117711598075,0.5133405248882565,2.03069927678236,2.3037302215581206
39.149890661239624,0.15511117646633865,1.6020300834208203,2.454009479558098,3.7755440213371143
39.21932339668274,0.8630805804337632,1.4833420704076639,2.0483816359841347,2.4719438604912143
39.28869318962097,0.38234476660224725,0.5538668916956784,2.6591767091106133,2.1372423694385585
39.357141971588135,0.9995795136966515,0.8172181394180722,1.1878777038213073,0.5408731784310823
39.42738437652588,0.19551095621262593,1.2061749696427047,0.86444861085332,3.0613753540485833
39.49756622314453,0.3974843761057184,0.029812399216543772,0.6044864554042018,1.3176188555883361
39.56828284263611,0.255041168866472,0.6668711447969102,0.1108663305154457,1.6960244257090888
39.63843822479248,0.12334668632900792,1.3317547277948936,1.879002783457615,2.5443712950937005
39.707679986953735,0.07040426862110494,0.02866522512243841,0.6912964898723939,3.259914724080529
39.77634239196777,0.7770361664944055,0.5682044301778377,0.39218287133607954,1.4833275834437814
39.84483551979065,0.46529055374369876,0.47961794555707926,1.123277066906056,1.5591699465298166
39.913535356521606,0.68405693401704,1.7932044759686154,2.5265816503711287,2.857837683824347
